3.158009475404370204e+07
2.842409618367676740e+05
9.577683680236311920e+04
4.943320609154225531e+04
3.475772303311564610e+04
2.046843689727921446e+04
1.660646767137747884e+04
1.081351791236945064e+04
5.792951653223231006e+03
5.406758956184725321e+03
8.110132314512521589e+03
6.179153092782544263e+03
6.565345206986327867e+03
5.020561887885817669e+03
4.248167751287999636e+03
5.020554311040166795e+03
2.317182409793454099e+03
3.861970682989089710e+03
3.861970682989089710e+03
1.544788273195636066e+03
2.317178912787769150e+03
3.475773614690181148e+03
2.317182409793454099e+03
7.723941365978180329e+02
3.089571883717025685e+03
1.930988255674744778e+03
7.723918052642130760e+02
1.158591204896727049e+03
1.930985341494544855e+03
1.158591204896727049e+03
1.158591204896727049e+03
1.544788273195636066e+03
1.158591204896727049e+03
0.000000000000000000e+00
1.544788273195636066e+03
1.544783610528426152e+03
3.861970682989090164e+02
7.723941365978180329e+02
3.861970682989090164e+02
0.000000000000000000e+00
1.158591204896727049e+03
0.000000000000000000e+00
7.723941365978180329e+02
3.861959026321065380e+02
7.723941365978180329e+02
7.723941365978180329e+02
7.723941365978180329e+02
3.861970682989090164e+02
7.723941365978180329e+02
7.723941365978180329e+02
0.000000000000000000e+00
0.000000000000000000e+00
1.158587707896319671e+03
3.861982339727481417e+02
0.000000000000000000e+00
1.158594701918244482e+03
1.158587707896319671e+03
0.000000000000000000e+00
0.000000000000000000e+00
1.158587707896319671e+03
3.861982339727481417e+02
3.861959026321065380e+02
0.000000000000000000e+00
7.723918052642130760e+02
3.861982339727481417e+02
7.723918052642130760e+02
0.000000000000000000e+00
3.861982339727481417e+02
7.723918052642130760e+02
0.000000000000000000e+00
7.723918052642130760e+02
0.000000000000000000e+00
0.000000000000000000e+00
7.723964679454962834e+02
3.861959026321065380e+02
0.000000000000000000e+00
0.000000000000000000e+00
0.000000000000000000e+00
0.000000000000000000e+00
3.861959026321065380e+02
7.723964679454962834e+02
0.000000000000000000e+00
3.861959026321065380e+02
3.861982339727481417e+02
1.158587707896319671e+03
0.000000000000000000e+00
0.000000000000000000e+00
0.000000000000000000e+00
1.930979513160533315e+03
3.861982339727481417e+02
0.000000000000000000e+00
3.861959026321065380e+02
0.000000000000000000e+00
7.723918052642130760e+02
7.723964679454962834e+02
1.158587707896319671e+03
7.723964679454962834e+02
3.861959026321065380e+02
3.861982339727481417e+02
1.544783610528426152e+03
