5.762859902812938628e+01
3.164848996121717661e+01
3.259322707616377102e+01
2.361827609046057930e+01
2.267354927037479939e+01
1.511569388220739540e+01
1.936699000177847196e+01
1.606043073318215164e+01
1.842225878217952229e+01
1.322623707438529905e+01
1.086440093028822318e+01
1.228150585478634937e+01
1.322624692930397217e+01
1.700513661161830470e+01
1.133677463518739970e+01
1.275387146458582421e+01
8.502580976390548884e+00
6.140752927393174687e+00
1.086440902538792308e+01
9.447312195989500339e+00
1.228150585478634937e+01
9.447312195989500339e+00
1.275387146458582421e+01
8.974946586190023723e+00
8.974946586190023723e+00
7.085484146992123478e+00
8.030215366591075821e+00
8.030215366591075821e+00
7.557849756791600093e+00
7.557849756791600093e+00
1.039204341558844824e+01
8.502580976390548884e+00
8.502580976390548884e+00
8.502555635265517608e+00
7.085484146992123478e+00
6.613118537192649526e+00
1.180914024498687454e+01
1.086440902538792308e+01
8.030215366591075821e+00
6.613118537192649526e+00
9.919677805788975178e+00
1.180914024498687454e+01
9.919677805788975178e+00
6.613118537192649526e+00
7.557849756791600093e+00
9.919677805788975178e+00
9.919677805788975178e+00
1.039204341558844824e+01
1.039204341558844824e+01
7.557849756791600093e+00
1.558806512338267503e+01
8.974946586190023723e+00
1.180914024498687454e+01
1.275387146458582421e+01
1.086440902538792308e+01
8.502580976390548884e+00
1.086440902538792308e+01
1.133677463518739970e+01
1.322623707438529905e+01
1.700516195278109777e+01
1.558806512338267503e+01
1.228150585478634937e+01
1.039204341558844824e+01
1.464333390378372357e+01
1.511569951358320019e+01
9.447312195989500339e+00
1.369860268418477212e+01
1.936699000177847196e+01
1.511569951358320019e+01
1.417096829398424696e+01
1.889462439197900068e+01
2.314591488017427423e+01
1.889462439197900068e+01
2.125632573572884709e+01
1.983935561157795036e+01
2.550774292917164843e+01
2.314591488017427423e+01
2.786957097816902618e+01
2.361828048997374907e+01
3.259322707616377102e+01
3.448268951536167037e+01
3.448268951536167037e+01
3.637215195455956973e+01
3.920634561335641877e+01
3.306559268596324586e+01
4.629182976034854846e+01
5.337731390734066395e+01
6.187989488373121816e+01
7.179957268952018978e+01
8.266398171490811819e+01
9.541785317949394596e+01
1.256492522066603357e+02
1.294281770850561486e+02
1.757200068454046971e+02
2.196500085567558926e+02
3.084547431990571340e+02
4.643353944328839020e+02
8.408107854430653560e+02
1.967402764814813054e+03
1.121367615727365628e+05
