3.214875697454706766e+06
9.563904486963628733e+04
4.391160012687605922e+04
2.479219990560776569e+04
1.777474340063978161e+04
1.142962223398113747e+04
1.021102280462285307e+04
6.849371758400812723e+03
5.042478518567341780e+03
4.874399533585853533e+03
4.076003469175267583e+03
4.328130620339164125e+03
3.571758278920668999e+03
3.151549074104588271e+03
2.563259913605064867e+03
2.479222299895052856e+03
2.479218604962276004e+03
1.848908790141358395e+03
1.638805518534386010e+03
1.806890828737072525e+03
1.218598975320440786e+03
1.638805518534386010e+03
1.428704376210708460e+03
1.134557666677651696e+03
1.344660938284624308e+03
1.134559357579091966e+03
1.134555975781251391e+03
7.563729050527281288e+02
1.092538640631718408e+03
7.143500588252323951e+02
5.882900372632329891e+02
7.983936220001019137e+02
7.983912422164362397e+02
8.404143389474756987e+02
4.202059169560190526e+02
5.462693203158592041e+02
6.723314711579804452e+02
1.008494200694445681e+03
8.824350558948494836e+02
6.303107542106067740e+02
3.781853252604171871e+02
5.882900372632329891e+02
5.042486033684853624e+02
5.042471003472228404e+02
4.622278864211116343e+02
6.303088754340285504e+02
5.042486033684853624e+02
3.781864525263640644e+02
2.101029584780095263e+02
4.202071694737378493e+02
2.941441418692133425e+02
2.941458953992463989e+02
5.462676920428248195e+02
4.622265086516209180e+02
4.202084219989234839e+02
4.202059169560190526e+02
2.941441418692133425e+02
5.042501063987081125e+02
4.622265086516209180e+02
5.042471003472228404e+02
2.941458953992463989e+02
6.303088754340285504e+02
1.680823667824076040e+02
2.101029584780095263e+02
2.101042109994617419e+02
5.462676920428248195e+02
4.622265086516209180e+02
3.781875797990311412e+02
3.781853252604171871e+02
4.202059169560190526e+02
5.882917907984927979e+02
1.260617750868057101e+02
5.042471003472228404e+02
7.143543173981698828e+02
3.361647335648152080e+02
2.941441418692133425e+02
2.101042109994617419e+02
2.941441418692133425e+02
2.941441418692133425e+02
4.622292641988157698e+02
4.202059169560190526e+02
4.202059169560190526e+02
4.202084219989234839e+02
2.521235501736114202e+02
3.361647335648152080e+02
3.361667375991387985e+02
5.462676920428248195e+02
7.143500588252323951e+02
5.042471003472228404e+02
5.882917907984927979e+02
4.622265086516209180e+02
5.882882837384266850e+02
3.361667375991387985e+02
4.202059169560190526e+02
4.622265086516209180e+02
6.303126329983851974e+02
6.723294671296304159e+02
1.134555975781251391e+03
1.260625265996770395e+03
1.638803076128474459e+03
