1.535068049688781977e+09
4.532272647460478544e+07
2.069650900835091993e+07
1.146670811930490471e+07
7.718367040115288459e+06
5.239622533759725280e+06
4.413374364974537864e+06
3.325143830729892943e+06
2.821334159407181665e+06
2.277221411120816600e+06
2.015238685290843947e+06
1.934629137879210524e+06
1.672648108791400678e+06
1.128533663762872806e+06
1.249449846793464618e+06
1.027771729498330504e+06
9.471621820866968483e+05
8.060954741163377184e+05
9.270097952337884344e+05
7.456383135576123605e+05
6.247249233967323089e+05
7.053335398517954163e+05
5.844192187343449332e+05
6.851811529988870025e+05
5.441144450285279891e+05
5.441144450285279891e+05
4.433531714428422856e+05
4.030471364428165834e+05
5.239628389779045247e+05
3.425900659763941076e+05
5.239628389779045247e+05
4.030483376753111370e+05
4.836565637313798652e+05
3.022862532564834110e+05
3.224377091542533017e+05
3.224386701402489562e+05
3.224386701402489562e+05
4.635042069092390011e+05
2.015241688376555685e+05
2.619806386878307676e+05
3.425910870240145014e+05
3.627424227985349135e+05
3.425910870240145014e+05
3.828959207915455336e+05
1.813712113992674567e+05
1.209145013025933440e+05
2.619806386878307676e+05
3.022862532564834110e+05
1.410664977549858158e+05
2.418290026051866880e+05
1.612188545771266508e+05
3.022862532564834110e+05
1.813717519538900524e+05
2.216765857214211428e+05
2.015229676087411353e+05
8.060966753506223904e+04
2.216765857214211428e+05
1.209145013025933440e+05
2.216765857214211428e+05
2.216752643696152372e+05
1.209145013025933440e+05
2.015241688376555685e+05
2.015241688376555685e+05
2.619814194889522623e+05
1.612183740869928733e+05
2.619814194889522623e+05
1.007620844188277842e+05
1.410669181863589038e+05
2.015241688376555685e+05
1.813706708478669752e+05
1.612193350701244781e+05
2.216765857214211428e+05
1.813717519538900524e+05
2.619798578913634410e+05
2.821338363727178075e+05
1.007620844188277842e+05
1.410669181863589038e+05
2.015241688376555685e+05
1.813706708478669752e+05
1.612193350701244781e+05
1.410669181863589038e+05
1.209145013025933440e+05
2.418290026051866880e+05
1.813706708478669752e+05
4.030483376753111952e+04
1.813717519538900524e+05
2.821338363727178075e+05
1.612193350701244781e+05
3.425890449348598486e+05
3.224386701402489562e+05
1.612193350701244781e+05
2.619814194889522623e+05
2.418275611304893391e+05
3.022862532564834110e+05
3.224386701402489562e+05
1.612193350701244781e+05
3.828959207915455336e+05
2.619798578913634410e+05
5.844200896292012185e+05
1.229297429909699131e+06
