4.622137340623431783e+02
3.683266379517679070e+02
3.069387791837668260e+02
2.961057009665719875e+02
2.780504752978785632e+02
2.347179336930143734e+02
2.347178462351158430e+02
2.274959281924863888e+02
2.563841089645111424e+02
3.069389507358943092e+02
2.274957586586507716e+02
2.202738352339947312e+02
2.527730651762786351e+02
2.708284859434361351e+02
2.852726718604194502e+02
2.274955891250678519e+02
2.130517422755031305e+02
2.419401141094696470e+02
2.419401141094696470e+02
2.455507946111843296e+02
2.311069746717322175e+02
2.383290676302238467e+02
2.708280822917474211e+02
2.491622070679612477e+02
2.022183014445047320e+02
2.672178377350437586e+02
2.491618357084076649e+02
2.311073191222000105e+02
2.563839179028542503e+02
2.383287124167377442e+02
3.105504600704562108e+02
3.249936987500969963e+02
2.347176713195144657e+02
2.563846821511906455e+02
2.347176713195144657e+02
2.455515265673375040e+02
3.177716165556503256e+02
3.069384932639804333e+02
2.997173044866031546e+02
2.852722466806406487e+02
3.538820275278833378e+02
2.997173044866031546e+02
2.419397535139610511e+02
3.069384932639804333e+02
3.394388749607312548e+02
3.069384932639804333e+02
3.502720305445843678e+02
3.719372330139999008e+02
3.683261919167764518e+02
2.997173044866031546e+02
2.961062526253186888e+02
3.719361243223187898e+02
3.972157047412812858e+02
3.936046528799968769e+02
4.080464276545827147e+02
4.333262233541250339e+02
4.983251568572438259e+02
5.380435196507330602e+02
4.622146382444000210e+02
4.549925345218312600e+02
5.235993983178274220e+02
6.536003868924719882e+02
5.488798829152250391e+02
6.355413386478455777e+02
6.572114387537562834e+02
6.824888017827469184e+02
7.655384306439958664e+02
6.752666980601782143e+02
7.294324759794437796e+02
7.258170969785055604e+02
8.124866687889845025e+02
8.197087725115530930e+02
9.894282099919187203e+02
9.460899473053156044e+02
9.858171581306344251e+02
1.058038195356321921e+03
1.126641463966635456e+03
1.224146580975402912e+03
1.321644981230081157e+03
1.469689345623143026e+03
1.549141248490996986e+03
1.643028596884390709e+03
1.729683529615443604e+03
2.264129517025302903e+03
2.094410079544937616e+03
2.466333717593628535e+03
2.719122051547134561e+03
3.304112453075203121e+03
3.686861970224150355e+03
4.047989136499783854e+03
4.795476871785650474e+03
5.904069793199953892e+03
7.204005514786658750e+03
9.240681713026717262e+03
1.117620551067514134e+04
1.577659152586612254e+04
2.355850234301926321e+04
3.956268419223161618e+04
8.733637963941360067e+04
6.371773230273505906e+05
