4.757012648042291403e-04
1.047040708363056183e-02
2.046511135995388031e-02
3.045981749892234802e-02
4.045452177524566650e-02
5.044922977685928345e-02
6.044393405318260193e-02
7.043863832950592041e-02
8.043334633111953735e-02
9.042804688215255737e-02
1.004227548837661743e-01
1.104174628853797913e-01
1.204121634364128113e-01
1.304068714380264282e-01
1.404015719890594482e-01
1.503962874412536621e-01
1.603909879922866821e-01
1.703856885433197021e-01
1.803804039955139160e-01
1.903751045465469360e-01
2.003698050975799561e-01
2.103645205497741699e-01
2.203592211008071899e-01
2.303539216518402100e-01
2.403486371040344238e-01
2.503433227539062500e-01
2.603380382061004639e-01
2.703327536582946777e-01
2.803274393081665039e-01
2.903221547603607178e-01
3.003168702125549316e-01
3.103115558624267578e-01
3.203062713146209717e-01
3.303009867668151855e-01
3.402956724166870117e-01
3.502903878688812256e-01
3.602851033210754395e-01
3.702797889709472656e-01
3.802745044231414795e-01
3.902692198753356934e-01
4.002639055252075195e-01
4.102586209774017334e-01
4.202533364295959473e-01
4.302480220794677734e-01
4.402427375316619873e-01
4.502374529838562012e-01
4.602321386337280273e-01
4.702268540859222412e-01
4.802215695381164551e-01
4.902162551879882812e-01
5.002109408378601074e-01
5.102056860923767090e-01
5.202003717422485352e-01
5.301950573921203613e-01
5.401898026466369629e-01
5.501844882965087891e-01
5.601791739463806152e-01
5.701739192008972168e-01
5.801686048507690430e-01
5.901632905006408691e-01
6.001580357551574707e-01
6.101527214050292969e-01
6.201474070549011230e-01
6.301421523094177246e-01
6.401368379592895508e-01
6.501315236091613770e-01
6.601262688636779785e-01
6.701209545135498047e-01
6.801156401634216309e-01
6.901103854179382324e-01
7.001050710678100586e-01
7.100997567176818848e-01
7.200945019721984863e-01
7.300891876220703125e-01
7.400838732719421387e-01
7.500786185264587402e-01
7.600733041763305664e-01
7.700679898262023926e-01
7.800627350807189941e-01
7.900574207305908203e-01
8.000521063804626465e-01
8.100468516349792480e-01
8.200415372848510742e-01
8.300362229347229004e-01
8.400309681892395020e-01
8.500256538391113281e-01
8.600203394889831543e-01
8.700150847434997559e-01
8.800097703933715820e-01
8.900044560432434082e-01
8.999992012977600098e-01
9.099938869476318359e-01
9.199885725975036621e-01
9.299833178520202637e-01
9.399780035018920898e-01
9.499726891517639160e-01
9.599674344062805176e-01
9.699621200561523438e-01
9.799568057060241699e-01
9.899515509605407715e-01
9.999462366104125977e-01
