9.277868985374509521e+02
9.656559315016829714e+02
1.003524604540508221e+03
9.467215014722382875e+02
7.857785533415342343e+02
7.479099861630681971e+02
9.561887164869606295e+02
8.331146107717470386e+02
9.561890728838861833e+02
8.047129763136192651e+02
7.668441303694490898e+02
8.425824503630285562e+02
1.031926051978641226e+03
9.845907285141007605e+02
9.940564650125413664e+02
1.136066225208577634e+03
9.088529801668621531e+02
1.022458078298613941e+03
8.615168874498381228e+02
1.088730132491553832e+03
9.751220561551594983e+02
1.041394039774529574e+03
1.221271192099221025e+03
1.173933349157667635e+03
9.751249637905673353e+02
1.069794100442068157e+03
1.041392487155995696e+03
1.202338547586427467e+03
1.297007006730648982e+03
1.117130122585522486e+03
1.117133453662979946e+03
1.249670984587194880e+03
1.117130122585522486e+03
1.562093388596539626e+03
1.571555935162684364e+03
1.457949482018393837e+03
1.391683200749644584e+03
1.334875824445412491e+03
1.533687117447920627e+03
1.637831249861826564e+03
1.590490344020066004e+03
1.457949482018393837e+03
1.505289992647574536e+03
1.391679051017557640e+03
1.808236045879956009e+03
1.912380996948490974e+03
1.741965614879120039e+03
1.902908090166864895e+03
1.723036343785274084e+03
2.120660115428029712e+03
1.855566535080291260e+03
2.101725650111708092e+03
1.950249927581134671e+03
2.044910059068075952e+03
2.044922254162743229e+03
1.988118858213777912e+03
2.404662754644866709e+03
2.404677095172854933e+03
2.404677095172854933e+03
2.518268869037538025e+03
2.934842124029862589e+03
2.736030238208484661e+03
2.982160502807610555e+03
2.811768099473771599e+03
2.982178287320666641e+03
3.370314726982569027e+03
3.569146712126639159e+03
3.474474385545031055e+03
3.853140713151420641e+03
3.767958597948016632e+03
4.288656394146863931e+03
4.506375870909279001e+03
4.885092051610997260e+03
4.979764378192605363e+03
5.225881262062860515e+03
5.841282550085243201e+03
5.945422109325011661e+03
6.494482872781019068e+03
6.740669652610523372e+03
7.668458453110287337e+03
7.838821893094291227e+03
9.230551841706825144e+03
9.684979009298545861e+03
1.030028770493549382e+04
1.203285270852243775e+04
1.276182962320082152e+04
1.521375215241850856e+04
1.667179671102125212e+04
1.820548840164330977e+04
2.145262126781601910e+04
2.506923207880992413e+04
3.030461173877287729e+04
3.696932305861498753e+04
4.509242915082011314e+04
5.771225028414852568e+04
7.625810428608032817e+04
1.142032275553943036e+05
1.847246436260344635e+05
3.757427561775595532e+05
1.115666032600965118e+06
