6.542610632259116173e+08
6.085927121919281781e+06
2.501284183616040275e+06
1.378096062947690953e+06
9.399730371550725540e+05
6.054065433524234686e+05
5.416792158982879482e+05
3.823620273804779863e+05
3.106689620593122090e+05
1.752492625493857486e+05
2.788054787711775862e+05
1.274539331525383313e+05
1.911811276518063387e+05
1.433856747966056282e+05
1.433856747966056282e+05
1.194882047823789471e+05
1.274539331525383313e+05
7.169283739830281411e+04
5.576109575423551723e+04
9.559056382590316935e+04
8.762457904237011098e+04
8.762468350707789068e+04
4.779516795158803143e+04
5.576116223177684878e+04
3.982930662632335589e+04
3.982940159412631328e+04
8.762468350707789068e+04
5.576102927685269970e+04
4.779528191295158467e+04
4.779528191295158467e+04
6.372689060211736796e+04
3.186352127530105645e+04
3.186352127530105645e+04
7.965861325264670995e+03
3.186352127530105645e+04
2.389758397579401571e+04
6.372704255060211290e+04
3.186352127530105645e+04
6.372689060211736796e+04
1.672834866953305318e+05
