2.080798724179699910e+00
6.646995924462929528e-01
4.720330087412970554e-01
4.238664383584305195e-01
3.564331413468620480e-01
3.371664850578425243e-01
3.082665006243131556e-01
2.793665161907837868e-01
3.082663168799186781e-01
3.082666843689266245e-01
2.215664152574415291e-01
2.504666810497528928e-01
1.637664808424568186e-01
2.215664152574415291e-01
1.734000099575212228e-01
2.215664152574415291e-01
2.504666810497528928e-01
1.733998032449542703e-01
1.734000099575212228e-01
2.697333488228108034e-01
1.155998688299694904e-01
2.697330272699288711e-01
1.541331584399593391e-01
1.926664480499492016e-01
1.541335259294053517e-01
2.311997376599389808e-01
2.408330600624364604e-01
2.119330928549441051e-01
2.601003250058716021e-01
2.793663496724262951e-01
4.142328633073907307e-01
3.853328960998984032e-01
4.142328633073907307e-01
5.587340314940945074e-01
6.454326009673296838e-01
7.995657594072890229e-01
8.091990818097866134e-01
1.310134970399945864e+00
2.658796983089298127e+00
2.423079217222588341e+03
