1.268374859884154052e+07
2.099658268910744664e+04
7.250617401706912460e+03
4.078473504430705361e+03
1.963708879628955401e+03
1.812654890858091449e+03
1.510545742381742912e+03
6.042179366652289900e+02
7.552728711908714558e+02
3.021091484763485369e+02
1.510545742381742684e+02
1.510545742381742684e+02
0.000000000000000000e+00
4.531631822836429819e+02
1.510545742381742684e+02
0.000000000000000000e+00
0.000000000000000000e+00
1.510545742381742684e+02
0.000000000000000000e+00
0.000000000000000000e+00
0.000000000000000000e+00
0.000000000000000000e+00
0.000000000000000000e+00
0.000000000000000000e+00
0.000000000000000000e+00
0.000000000000000000e+00
0.000000000000000000e+00
0.000000000000000000e+00
0.000000000000000000e+00
0.000000000000000000e+00
0.000000000000000000e+00
0.000000000000000000e+00
1.510542139513506754e+02
0.000000000000000000e+00
0.000000000000000000e+00
0.000000000000000000e+00
3.021091484763485369e+02
0.000000000000000000e+00
0.000000000000000000e+00
6.042182969526970737e+02
