1.365746754633546108e+06
1.693108650917968771e+04
7.308144218159709453e+03
3.406058672653141002e+03
2.083317440554833865e+03
1.620358009320426390e+03
9.920556283678637328e+02
8.267135164831446446e+02
6.944389398575045789e+02
4.960278141839318664e+02
4.464252989008980421e+02
2.645483252746062703e+02
2.810822604710534165e+02
3.637539472525836004e+02
2.480140549449433820e+02
1.322740049275545573e+02
1.984112439559547170e+02
9.920562197797735848e+01
2.149452580072761521e+02
1.322741626373031352e+02
1.653427032966289119e+02
1.157398923076402468e+02
8.267135164831445593e+01
8.267115451136376691e+01
1.157398923076402468e+02
4.960281098898867924e+01
9.920562197797735848e+01
6.613708131865156759e+01
8.267135164831445593e+01
1.818769736262918002e+02
6.613692360909099932e+01
4.960281098898867924e+01
3.306854065932578379e+01
6.613708131865156759e+01
1.322741626373031352e+02
1.653427032966289190e+01
4.960269270681826015e+01
6.613708131865156759e+01
8.267135164831445593e+01
1.488084329669660235e+02
