1.089417907800745726e+09
1.099927021651477665e+08
6.031142676192259043e+07
4.030174938806733489e+07
2.793688793215729296e+07
2.222849240523033217e+07
1.823462534875518829e+07
1.559221254264085367e+07
1.319186883294800110e+07
1.214296500733479299e+07
1.083185560136555880e+07
8.794572663119550794e+06
7.806197612157302909e+06
8.007896200460022315e+06
7.261579174099816941e+06
6.515250203428447247e+06
5.688228535339360125e+06
5.910118605586795136e+06
5.183960688176813535e+06
5.284815954483755864e+06
4.457796121666661464e+06
4.578829090335163288e+06
3.852671172925180290e+06
3.993862588642529678e+06
4.135065918584618252e+06
3.893007472767718602e+06
3.328223788129082881e+06
3.711473800095462240e+06
3.368565894651859533e+06
3.106342202253810596e+06
2.783605350071596447e+06
3.328213859623276163e+06
3.066000095731033944e+06
2.541552710934936069e+06
3.247539575083529577e+06
2.904631669639926869e+06
2.440697444627993740e+06
3.146674921825642698e+06
2.501210604412159417e+06
2.460868497889382765e+06
2.339842178321051877e+06
2.682750083764655050e+06
1.976763219616061309e+06
2.319671125059663784e+06
2.440690163723735604e+06
2.501210604412159417e+06
2.440697444627993740e+06
2.541552710934936069e+06
2.077618485923003173e+06
2.097789539184391499e+06
2.259157965275498573e+06
1.633855314172458835e+06
1.996934272877449868e+06
1.835565846786342794e+06
1.916238627041132888e+06
2.178473752229945268e+06
1.734710580479400698e+06
1.875907953309119446e+06
1.976763219616061309e+06
1.694368473956624046e+06
1.472486888081351761e+06
1.875907953309119446e+06
1.916250059831896331e+06
2.077618485923003173e+06
1.835565846786342794e+06
2.158302698968556710e+06
1.896079006570507772e+06
1.775042096627575811e+06
2.178473752229945268e+06
1.674197420695235720e+06
1.795223740263566142e+06
1.593513207649681950e+06
2.279329018536886666e+06
1.553171101126905298e+06
1.754881633740789257e+06
1.553171101126905298e+06
1.573342154388293624e+06
1.533000047865516972e+06
1.674197420695235720e+06
1.976763219616061309e+06
2.097777023287135176e+06
2.238986912014110480e+06
1.976763219616061309e+06
2.360013231582440436e+06
1.956592166354672983e+06
1.855736900047731120e+06
2.360013231582440436e+06
2.037276379400226753e+06
2.077618485923003173e+06
2.299500071798275691e+06
2.460868497889382765e+06
2.400355338105217554e+06
2.238986912014110480e+06
2.481024748695361428e+06
2.360013231582440436e+06
2.682750083764655050e+06
3.025657989208257757e+06
3.529934320742966607e+06
3.731644853356850799e+06
3.308052734867694322e+06
