2.548436812863871455e+06
1.382148707050218945e+05
8.101090717525019136e+04
5.665716093720770004e+04
3.970628797203697468e+04
3.423826102673527203e+04
2.767662869237323685e+04
2.532117093132018999e+04
2.023168460663067162e+04
1.829685939389415580e+04
1.682469829323600788e+04
1.535253719257785451e+04
1.547872242977712813e+04
1.270263773638765815e+04
1.312327445748612263e+04
1.114635430510837432e+04
1.110429259074947549e+04
1.059956783104648275e+04
9.253577158957896245e+03
9.926579397329245694e+03
8.286157728703206885e+03
7.739366987748226165e+03
9.127392015881196130e+03
7.571108584601915027e+03
6.225143011884442785e+03
6.687822560065043035e+03
7.318738298448517526e+03
7.192553155371818320e+03
5.804516581528135248e+03
5.383899437939139716e+03
6.603708857382944188e+03
6.645750868706125402e+03
5.468022866656939186e+03
5.930701724604833544e+03
5.762454867169235513e+03
4.921235263145251338e+03
4.458541722043349182e+03
4.416480007684450356e+03
5.341837723580239981e+03
5.888657579831923613e+03
5.005344008709043919e+03
5.720393152810334868e+03
3.995862864095455734e+03
4.626788579478948122e+03
4.332369505162058886e+03
4.626788579478948122e+03
4.416480007684450356e+03
5.131529151785742215e+03
4.290294864607752061e+03
4.879173423289308630e+03
4.079986292813254295e+03
4.079986292813254295e+03
3.869677721018756984e+03
5.005344008709043919e+03
4.710912008196746683e+03
3.617307434865359028e+03
3.701452951128590485e+03
4.710912008196746683e+03
4.584726865120048387e+03
4.079986292813254295e+03
4.164109721531053765e+03
3.491122291788660732e+03
3.869677721018756984e+03
3.575245720506460202e+03
4.079986292813254295e+03
3.491122291788660732e+03
4.164134570019664352e+03
3.785554292300957513e+03
3.449060577429761452e+03
3.533184006147560467e+03
3.743492577942057778e+03
4.079986292813254295e+03
3.533184006147560467e+03
3.533184006147560467e+03
4.416480007684450356e+03
3.953824743250995198e+03
3.533184006147560467e+03
3.491122291788660732e+03
4.206171435889953500e+03
3.827616006659857248e+03
4.122048007172153120e+03
3.911739435377655809e+03
3.701430863583158043e+03
4.416480007684450356e+03
4.037924578454354560e+03
3.911762777897260548e+03
5.131529151785742215e+03
4.374418293325550621e+03
5.510084581015838012e+03
5.005344008709043919e+03
4.921220579991245359e+03
6.309257153834929341e+03
6.435442296911628546e+03
5.804516581528135248e+03
5.930701724604833544e+03
5.930737114876493251e+03
7.024306297936221199e+03
7.486985155884115557e+03
7.108429726654020669e+03
5.468022866656939186e+03
