1.176429914704824341e+03
1.224447690435753429e+03
1.272465009782769357e+03
1.200438912191915279e+03
9.963639257481351024e+02
9.483467406316131019e+02
1.212443301313834354e+03
1.056385848985974462e+03
1.212443753223648400e+03
1.020372695043270824e+03
9.723551564529993811e+02
1.068391030068363534e+03
1.308477926584900388e+03
1.248456934012469901e+03
1.260459448381915081e+03
1.440527231552849571e+03
1.152421785242279839e+03
1.296472575478541103e+03
1.092399817260911050e+03
1.380505263571481009e+03
1.236450696984164097e+03
1.320483295590112220e+03
1.548566773919313391e+03
1.488542586660546931e+03
1.236454383853724721e+03
1.356494453972918109e+03
1.320481326876291860e+03
1.524560259703135898e+03
1.644599470745926965e+03
1.416516332467294887e+03
1.416520556259606792e+03
1.584577592251550413e+03
1.416516332467294887e+03
1.980727896464704145e+03
1.992726366013313282e+03
1.848673857626808740e+03
1.764648489577645705e+03
1.692616973541428706e+03
1.944708863217811313e+03
2.076763188414508022e+03
2.016735117411064039e+03
1.848673857626808740e+03
1.908701427502351407e+03
1.764643227734680750e+03
2.292835758485197402e+03
2.424891121732547163e+03
2.208805128593070094e+03
2.412879515473951869e+03
2.184802891858037128e+03
2.688988174594507655e+03
2.352850621230794331e+03
2.664979351607056742e+03
2.472908767707449442e+03
2.592937419315569514e+03
2.592952882644704459e+03
2.520926413682350812e+03
3.049102335676641360e+03
3.049120519406271796e+03
3.049120519406271796e+03
3.193154414527506106e+03
3.721367563054899165e+03
3.469274921686663674e+03
3.781367069835204802e+03
3.565310213636467779e+03
3.781389620523526446e+03
4.273545005908992607e+03
4.525663133134506097e+03
4.405619018197251535e+03
4.885766341025168913e+03
4.777755774502740678e+03
5.437998406657643500e+03
5.714065794417643701e+03
6.194276330762348152e+03
6.314320445699602715e+03
6.626395627139787393e+03
7.406721891628621961e+03
7.538770418059601070e+03
8.234977174307779933e+03
8.547140983532543032e+03
9.723573309917641382e+03
9.939593440709681090e+03
1.170430120638234257e+04
1.228051295808116629e+04
1.306072181581175573e+04
1.525760700852508671e+04
1.618194669354194593e+04
1.929097422611166621e+04
2.113976864045057300e+04
2.308448330243410237e+04
2.720183422300500024e+04
3.178768163538507360e+04
3.842612119141527364e+04
4.687694732605230820e+04
5.717701194461446721e+04
7.317889246575052675e+04
9.669495792864309624e+04
1.448092158488105051e+05
2.342300770655715896e+05
4.764402464593315381e+05
1.414659872478079284e+06
