2.720788016648274660e+07
2.380559782036010176e+06
9.925328783578991424e+05
5.678473964055348188e+05
3.842965737719343742e+05
2.507325200364233460e+05
2.019456501090810343e+05
1.639558743459865509e+05
1.391626557394287665e+05
1.139693272892833484e+05
9.317492371369482134e+04
7.517976677328166261e+04
7.038105825583814294e+04
7.158073538519901922e+04
5.278579369187860721e+04
4.478794616280608898e+04
3.918945289245533058e+04
3.559042150437269447e+04
4.438812315092354402e+04
3.239128249274368500e+04
2.559311209303205032e+04
2.959203585756830944e+04
2.439343496367117041e+04
2.119429595204216457e+04
1.639558743459865582e+04
1.599569505814503100e+04
1.559582705302719296e+04
1.439610305578319094e+04
1.399625504758850730e+04
1.639556181353085412e+04
8.797646029912775703e+03
1.159686079493645957e+04
1.159689703943047607e+04
8.397726782540194108e+03
1.039721803535146137e+04
7.597943279441127743e+03
8.397753028553102922e+03
5.998395020395073516e+03
7.997835030990660925e+03
3.199144010877372693e+03
4.398809267044864100e+03
3.998930013596715980e+03
3.599025763945797735e+03
1.599572005438686347e+03
5.598484521693462739e+03
3.599037012237044564e+03
4.798701018594395464e+03
1.599572005438686347e+03
3.199134012396264097e+03
4.798716016316058813e+03
3.998930013596715980e+03
3.599025763945797735e+03
1.999465006798357990e+03
3.199144010877372693e+03
2.399343010483240050e+03
2.799251009517701277e+03
2.799251009517701277e+03
2.399358008158029406e+03
1.199671505241620025e+03
1.599572005438686347e+03
2.399358008158029406e+03
2.399358008158029406e+03
1.199679004079014703e+03
3.599014515724859848e+03
1.999465006798357990e+03
1.999465006798357990e+03
1.999465006798357990e+03
1.199671505241620025e+03
1.999465006798357990e+03
7.997860027193431733e+02
1.599572005438686347e+03
2.399343010483240050e+03
1.999465006798357990e+03
1.199679004079014703e+03
1.199679004079014703e+03
3.599037012237044564e+03
3.998905017472066561e+02
3.998930013596715867e+02
3.998930013596715867e+02
3.998930013596715867e+02
1.599562006988826624e+03
7.997860027193431733e+02
7.997860027193431733e+02
7.997860027193431733e+02
1.199671505241620025e+03
7.997860027193431733e+02
7.997860027193431733e+02
7.997860027193431733e+02
7.997860027193431733e+02
0.000000000000000000e+00
3.998930013596715867e+02
0.000000000000000000e+00
7.997860027193431733e+02
7.997810034944133122e+02
7.997860027193431733e+02
0.000000000000000000e+00
7.997860027193431733e+02
0.000000000000000000e+00
0.000000000000000000e+00
3.998930013596715867e+02
