1.341267958423713455e+06
2.838528860505051489e+04
1.145519065367023904e+04
6.451966713267188425e+03
4.211466523020358181e+03
2.779568735558421849e+03
1.903582868405201680e+03
1.566665546563572889e+03
1.280285822998188678e+03
9.770608171126449406e+02
7.412181080515829308e+02
6.232966730012318521e+02
6.232974178132391216e+02
5.727597893418952708e+02
5.390673928659302874e+02
4.379927800849787900e+02
2.695336964329651437e+02
2.695340185138331321e+02
1.853046377282602464e+02
2.358419843788444723e+02
3.874546886223873798e+02
2.021507554466030854e+02
1.684585602706032148e+02
2.526878404059048364e+02
1.516130665849523211e+02
2.021502723247238578e+02
8.422928013530160740e+01
1.179209921894222362e+02
8.422948143608462601e+01
6.738342410824128592e+01
5.053756808118096444e+01
1.179212740105184594e+02
6.738342410824128592e+01
6.738342410824128592e+01
1.179212740105184594e+02
8.422928013530160740e+01
1.347668482164825718e+02
8.422928013530160740e+01
3.369179257443384756e+01
1.179209921894222362e+02
