1.331713089754065312e+07
4.674762704878514342e+04
1.429738421766968349e+04
6.586436459794594157e+03
2.570316667236914782e+03
2.249027083832300377e+03
1.606447412790419321e+03
6.425793685024161732e+02
6.425789651161677511e+02
3.212894825580838756e+02
4.819345263768121299e+02
8.032242106280203870e+02
1.606446404326064226e+02
3.212896842512080866e+02
3.212896842512080866e+02
1.606446404326064226e+02
0.000000000000000000e+00
0.000000000000000000e+00
1.606446404326064226e+02
1.606448421256040433e+02
1.606448421256040433e+02
1.606448421256040433e+02
1.606446404326064226e+02
0.000000000000000000e+00
0.000000000000000000e+00
0.000000000000000000e+00
1.606446404326064226e+02
0.000000000000000000e+00
0.000000000000000000e+00
1.606450438191081105e+02
0.000000000000000000e+00
1.606446404326064226e+02
0.000000000000000000e+00
0.000000000000000000e+00
3.212892808652128451e+02
0.000000000000000000e+00
0.000000000000000000e+00
0.000000000000000000e+00
0.000000000000000000e+00
1.606446404326064226e+02
