4.951372320722607218e-02
2.363547242100700468e-02
1.414677700511159271e-02
1.552695268533307166e-02
1.138642857557003833e-02
1.207651875525905631e-02
9.833736700710945036e-03
6.728346163644331225e-03
6.210781074133227622e-03
6.210777371944278986e-03
7.245911253155433093e-03
6.728346163644331225e-03
7.590954646162834628e-03
8.453563128681338898e-03
5.520694288118425420e-03
8.798606521688739565e-03
8.108519735673936496e-03
5.693215984622126621e-03
6.383302770636929691e-03
5.865730688106424694e-03
7.245911253155433093e-03
5.693215984622126621e-03
6.900867860148031559e-03
6.038259377629528156e-03
5.348172591614723352e-03
7.935998039170236162e-03
6.555824467140630024e-03
7.418432949659134294e-03
7.935998039170236162e-03
9.488693307703542634e-03
1.000625839721464710e-02
9.488693307703542634e-03
1.259408384477015731e-02
1.397425741679976519e-02
1.466434420281456652e-02
1.725216965037008193e-02
2.449808090352551329e-02
3.571199117626606273e-02
6.521320127839889957e-02
4.262924859758194884e+01
