6.400436154152710438e+08
1.248625421565750241e+07
5.060686097748710774e+06
2.865300741149588488e+06
1.743394253769890638e+06
1.355973308487692848e+06
9.685526522396695800e+05
6.699151846352822613e+05
5.246326866298209643e+05
4.035633642381218961e+05
5.246326866298209643e+05
2.582807072639118123e+05
3.551355485714687966e+05
2.663519793659091229e+05
2.259956188559228904e+05
2.179243467539256089e+05
1.775677742857343983e+05
1.775679862439394055e+05
1.856392583459366579e+05
1.937105304479338811e+05
1.937105304479338811e+05
1.049264120779339573e+05
1.129979443107775442e+05
9.685514961040057824e+04
9.685514961040057824e+04
1.129979443107775442e+05
1.129976745454673219e+05
1.049264120779339573e+05
1.291405077837457648e+05
1.049264120779339573e+05
6.457025389187288238e+04
7.264136220780044096e+04
7.264136220780044096e+04
5.649897215538877208e+04
7.264136220780044096e+04
1.614252493506676365e+04
4.842769041890466178e+04
3.228504987013352729e+04
8.071281736484110297e+04
9.685514961040057824e+04
