5.841329802742570791e+02
4.654810553771730497e+02
3.879007710795821140e+02
3.742102253466839556e+02
3.513925286792031670e+02
2.966300566772494562e+02
2.966299461503672887e+02
2.875030851363919169e+02
3.240111719488627386e+02
3.879009878824335260e+02
2.875028708842021956e+02
2.783760030685699576e+02
3.194476343157801921e+02
3.422655775433236727e+02
3.605197416789677050e+02
2.875026566323317638e+02
2.692489210007479983e+02
3.057572492720358355e+02
3.057572492720358355e+02
3.103203277936279392e+02
2.920666261703029249e+02
3.011937082381248842e+02
3.422650674194425733e+02
3.148843313398577948e+02
2.555579170065171013e+02
3.377025398331424526e+02
3.148838620258871970e+02
2.920670614773123930e+02
3.240109304904056557e+02
3.011932593291094804e+02
3.924651138601384446e+02
4.107180809033311562e+02
2.966297250968502794e+02
3.240118963263934688e+02
2.966297250968502794e+02
3.103212528196444282e+02
4.015910124388126405e+02
3.879004097420349240e+02
3.787744703533895176e+02
3.605192043484794908e+02
4.472263547614049912e+02
3.787744703533895176e+02
3.057567935613687382e+02
3.879004097420349240e+02
4.289734965448025719e+02
3.879004097420349240e+02
4.426641400515515556e+02
4.700440259227012234e+02
4.654804916904418519e+02
3.787744703533895176e+02
3.742109225178064662e+02
4.700426247887059503e+02
5.019902619141306559e+02
4.974267140785476613e+02
5.156778310788715771e+02
5.476257402699607155e+02
6.297696013104548456e+02
6.799645737234678791e+02
5.841341229546247860e+02
5.750070272834587968e+02
6.617104912074015601e+02
8.260021582405241816e+02
6.936592710086168836e+02
8.031796307069148497e+02
8.305657060761070625e+02
8.625105409251881383e+02
9.674663733515111517e+02
8.533834452540221491e+02
9.218366627877672954e+02
9.172676464323290020e+02
1.026798263006176512e+03
1.035925358677342274e+03
1.250412106949743702e+03
1.195642404802339342e+03
1.245848559114160707e+03
1.337119515825820827e+03
1.423818436253167420e+03
1.547042716262638805e+03
1.670258507823380114e+03
1.857352896009740789e+03
1.957762021465109456e+03
2.076414265190267997e+03
2.185926381298933393e+03
2.861344492910544432e+03
2.646857744638143231e+03
3.116884589618312020e+03
3.436351520194003569e+03
4.175646269558450513e+03
4.659354562225909831e+03
5.115737123688549218e+03
6.060391525654232282e+03
7.461400711178215715e+03
9.104223654888040983e+03
1.167811891125691363e+04
1.412418055112940419e+04
1.993802162817335920e+04
2.977258607934353131e+04
4.999823008664741792e+04
1.103733099333945574e+05
8.052471426842926303e+05
