2.970265874651137739e+07
9.876999757241469342e+05
4.132846956057591597e+05
2.134206816108465428e+05
1.560953147301273711e+05
1.173619860129741719e+05
8.482602198884311656e+04
5.810001506085145229e+04
5.267730712216645770e+04
4.493067831372513319e+04
3.292334186781582684e+04
3.447264951377068792e+04
2.595134006051364850e+04
2.866267409668671462e+04
2.169067228938453991e+04
1.781733795199444285e+04
1.471864820385104213e+04
1.897933825321147378e+04
1.781733795199444285e+04
1.394400361460434760e+04
7.746668674780194124e+03
1.200733644590930089e+04
1.084531972915339975e+04
1.239466987964831060e+04
1.007066927721425236e+04
8.134002108519202920e+03
7.746668674780194124e+03
9.296002409736232948e+03
6.972001807302173802e+03
6.584668373563164096e+03
5.422668072346134977e+03
7.746645224045871146e+03
4.260667771129106768e+03
4.260667771129106768e+03
3.486000903651086901e+03
6.584668373563164096e+03
4.260667771129106768e+03
5.035334638607126180e+03
5.810001506085144683e+03
5.810001506085144683e+03
2.711334036173067489e+03
4.648001204868116474e+03
4.260667771129106768e+03
2.711334036173067489e+03
3.098658089618348185e+03
3.486000903651086901e+03
3.486000903651086901e+03
3.873334337390097062e+03
1.549333734956038825e+03
3.098667469912077649e+03
3.098658089618348185e+03
3.873346062828249160e+03
5.035319395629816427e+03
5.035349881676722362e+03
1.936661306011467786e+03
7.746692125656497865e+02
2.711325828416055174e+03
2.324007637696949132e+03
2.323993567213761253e+03
2.324007637696949132e+03
3.098658089618348185e+03
1.936673031414124580e+03
1.936661306011467786e+03
1.549329044809174093e+03
1.162003818848474566e+03
1.936661306011467786e+03
1.936673031414124580e+03
7.746645224045870464e+02
7.746692125656497865e+02
7.746645224045870464e+02
1.162003818848474566e+03
7.746645224045870464e+02
1.162003818848474566e+03
1.161996783606880626e+03
1.549338425131299573e+03
1.161996783606880626e+03
2.711325828416055174e+03
1.162003818848474566e+03
3.873322612022935232e+02
7.746692125656497865e+02
7.746645224045870464e+02
3.873346062828248932e+02
1.161996783606880626e+03
0.000000000000000000e+00
1.549329044809174093e+03
7.746692125656497865e+02
3.873322612022935232e+02
0.000000000000000000e+00
3.873346062828248932e+02
3.873322612022935232e+02
7.746692125656497865e+02
3.873322612022935232e+02
3.873346062828248932e+02
0.000000000000000000e+00
0.000000000000000000e+00
3.873322612022935232e+02
0.000000000000000000e+00
0.000000000000000000e+00
3.873346062828248932e+02
3.873322612022935232e+02
