1.306332854304825783e+09
9.124215187209470570e+07
4.143889589645396918e+07
2.638303245547579974e+07
1.664811053357696533e+07
1.404810819057802483e+07
1.207290789979374036e+07
9.452744248753361404e+06
7.376768432929064147e+06
7.094596962817021646e+06
5.965911082368860021e+06
4.857380306928699836e+06
5.300792617104764096e+06
4.393809617505444214e+06
3.506990884779973421e+06
3.466675478031818289e+06
3.305439684505261946e+06
3.627916197940275073e+06
2.660471878489534836e+06
2.720941203708599787e+06
2.882177868363663089e+06
2.317838803159177303e+06
2.398455708638293203e+06
2.116287602884466760e+06
2.075974268821379403e+06
2.156594628775607795e+06
2.075977362829524558e+06
1.612409602197688771e+06
1.592249736028875224e+06
2.075977362829524558e+06
1.733340322362515377e+06
1.693030082307573408e+06
1.350389016632083803e+06
1.269772561730679823e+06
1.652719842252630973e+06
1.289927681758150924e+06
1.491474436280212132e+06
1.370548161868035560e+06
1.289927681758150924e+06
1.048063117386094993e+06
9.472906412911420921e+05
1.148841841565853218e+06
1.451168641977919964e+06
1.088373237285560230e+06
1.088376481483439915e+06
9.271355212636709912e+05
9.876008813460844103e+05
1.350389016632083803e+06
1.108531601510911016e+06
9.271355212636709912e+05
1.027908057436362375e+06
1.209310806334066903e+06
1.128683357185025467e+06
9.271327576876995154e+05
6.046554031670334516e+05
1.088373237285560230e+06
8.666675778385015437e+05
9.876038251728211762e+05
8.465125178887691582e+05
9.069776977379667806e+05
9.472934649616857059e+05
8.263574579390365398e+05
9.271382848561179126e+05
7.054270982406408293e+05
9.271327576876995154e+05
1.169000446122931316e+06
9.875979375368972542e+05
8.666675778385015437e+05
7.658968440115756821e+05
8.868226377882341621e+05
1.128683357185025467e+06
1.088379725700660143e+06
9.271327576876995154e+05
6.248105832726012450e+05
1.027908057436362375e+06
7.860473380395713029e+05
1.048069365489524556e+06
8.666675778385015437e+05
1.168993477084490471e+06
9.069831047505501192e+05
7.054270982406408293e+05
1.189148537034223089e+06
1.229465986439634580e+06
9.069776977379667806e+05
9.876038251728211762e+05
1.269768776833153795e+06
1.168993477084490471e+06
1.088379725700660143e+06
1.269768776833153795e+06
1.068218177335827611e+06
1.088379725700660143e+06
1.551939616129409987e+06
1.168993477084490471e+06
1.390707427284176927e+06
1.330233956682351185e+06
1.672879948762125801e+06
1.753490215626735939e+06
1.894575635274864035e+06
2.075983550873481203e+06
2.902328632761493791e+06
