2.821669526072508190e+06
1.359739357856639544e+05
7.424782661082500999e+04
4.609500044825979421e+04
3.260686145061946809e+04
2.617792154019376540e+04
2.260630342839339210e+04
1.869852235248152647e+04
1.516890233559929584e+04
1.361420503866070612e+04
1.147122831961226075e+04
1.155526662232004310e+04
9.328251600563817192e+03
8.613926027547668127e+03
7.773531415526985256e+03
7.857581303177628797e+03
7.815562151823738532e+03
5.294413070590274401e+03
5.546527978713620541e+03
5.882681189544749031e+03
5.630566281421402891e+03
5.336432221944164667e+03
5.000271559176817391e+03
4.874221557051363561e+03
3.655666167788523126e+03
4.412017467416001637e+03
3.907775252129781165e+03
3.949794340862360059e+03
3.991825327662095788e+03
3.109412566210794012e+03
4.159902183563657672e+03
3.361527098606263735e+03
3.193460262129677176e+03
2.941336211280480711e+03
3.529603453536576581e+03
3.025383406228115291e+03
3.193450743675950434e+03
2.647210480449600709e+03
2.815278945082745850e+03
2.857306550326553406e+03
2.605183501419854110e+03
2.941344978277334576e+03
2.605183501419854110e+03
2.815278945082745850e+03
2.269037554671086127e+03
1.974897170431180029e+03
2.269037554671086127e+03
2.184992614094071087e+03
2.395095196597257655e+03
2.184992614094071087e+03
1.890858992966023379e+03
2.227011702826649525e+03
2.227024978604311855e+03
2.479126235222119249e+03
2.142973525361493103e+03
2.100954436628914664e+03
1.848850925633768384e+03
2.016916259163758468e+03
2.605183501419854110e+03
1.974897170431180029e+03
2.058935347896336680e+03
2.437121674699058531e+03
2.227011702826649525e+03
1.638744460570553656e+03
2.142973525361493103e+03
2.142986300166413457e+03
2.058935347896336680e+03
1.764801726768288290e+03
2.563164412687276126e+03
1.596725371837975217e+03
1.764812247195869986e+03
2.269030791559227964e+03
1.680763549303131867e+03
1.554706283105397006e+03
1.974908943290616435e+03
1.680763549303131867e+03
2.353068969024384387e+03
2.142973525361493103e+03
2.184992614094071087e+03
2.058947621728514605e+03
1.512687194372818794e+03
2.479126235222119249e+03
1.974897170431180029e+03
2.016916259163758468e+03
2.016928282509565406e+03
3.025374388745637589e+03
2.689221678885010988e+03
3.025374388745637589e+03
2.100966960947464031e+03
2.437107146489540810e+03
2.647202590152432549e+03
2.395088057756962826e+03
3.193450743675950434e+03
2.605199031574855326e+03
3.235469832408528873e+03
3.991813429594938043e+03
3.949794340862360059e+03
5.000301367054964430e+03
5.168347914107130237e+03
5.336424269037443082e+03
