6.118796787686153039e+03
3.318539045627574637e+02
1.945071881277756631e+02
1.360338434102356757e+02
9.533479742086075248e+01
8.220606472519136787e+01
6.645158549038812623e+01
6.079613140609976085e+01
4.857627474052023331e+01
4.393075940473985952e+01
4.039610060205964004e+01
3.686144179937942056e+01
3.716441255389487708e+01
3.049903320506675897e+01
3.150898197242417353e+01
2.676239668656520010e+01
2.666140651038948306e+01
2.544956236234260061e+01
2.221783875865790492e+01
2.383371713298751615e+01
1.989506470661639526e+01
1.858222013758348723e+01
2.191486823013074670e+01
1.817823171162919493e+01
1.494656837153454276e+01
1.605746196671616488e+01
1.757229065457488559e+01
1.726932012604773092e+01
1.393664431224905087e+01
1.292674255049187160e+01
1.585550496657644537e+01
1.595644783576340231e+01
1.312872290284330745e+01
1.423961484077620199e+01
1.383565413607333205e+01
1.181588586681174569e+01
1.070495867462607897e+01
1.060396849845036371e+01
1.282575237431615278e+01
1.413866684917644534e+01
1.201783096491041114e+01
1.373466395989761146e+01
9.594066736693186215e+00
1.110891937932895246e+01
1.040201918189410080e+01
1.110891937932895246e+01
1.060396849845036371e+01
1.232080149343756403e+01
1.030099796992320904e+01
1.171489538931762731e+01
9.796047089044622069e+00
9.796047089044622069e+00
9.291096208166033321e+00
1.201783096491041114e+01
1.131089973168038654e+01
8.685155151111725758e+00
8.887188535659744204e+00
1.131089973168038654e+01
1.100792920315323364e+01
9.796047089044622069e+00
9.998027441396056147e+00
8.382184622584572864e+00
9.291096208166033321e+00
8.584164974936008718e+00
9.796047089044622069e+00
8.382184622584572864e+00
9.998087102617212452e+00
9.089115855814597467e+00
8.281194446408855825e+00
8.483174798760291679e+00
8.988125679638878651e+00
9.796047089044622069e+00
8.483174798760291679e+00
8.483174798760291679e+00
1.060396849845036371e+01
9.493133208545637913e+00
8.483174798760291679e+00
8.382184622584572864e+00
1.009901761757177496e+01
9.190106031990314506e+00
9.897037265220339108e+00
9.392086384341748584e+00
8.887135503463161612e+00
1.060396849845036371e+01
9.695056912868903254e+00
9.392142429731320519e+00
1.232080149343756403e+01
1.050297832227464490e+01
1.322971307901902449e+01
1.201783096491041114e+01
1.181585061255897706e+01
1.514852642635766067e+01
1.545149695488481534e+01
1.393664431224905087e+01
1.423961484077620199e+01
1.423969981281845598e+01
1.686535942134486277e+01
1.797625135927775730e+01
1.706733977369630040e+01
1.312872290284330745e+01
