2.923849953731701753e-03
9.340076241087379334e-04
6.632807271218250228e-04
5.955991090254479994e-04
5.008447053168540389e-04
4.737720185429700735e-04
4.331629883821440439e-04
3.925539582213180144e-04
4.331627301923282711e-04
4.331632465722675676e-04
3.113357123257359262e-04
3.519451378399674596e-04
2.301177004146743991e-04
3.113357123257359262e-04
2.436543261969004864e-04
3.113357123257359262e-04
3.519451378399674596e-04
2.436540357331846627e-04
2.436543261969004864e-04
3.790178407507341623e-04
1.624360238221230813e-04
3.790173889182872711e-04
2.165813650961641355e-04
2.707267063702052169e-04
2.165818814767190149e-04
3.248720476442461627e-04
3.384083829627564533e-04
2.977993770072256898e-04
3.654819249919633614e-04
3.925537242367974533e-04
5.820624186959411431e-04
5.414534127404104337e-04
5.820624186959411431e-04
7.851093203531065443e-04
9.069344663401872515e-04
1.123515831436351468e-03
1.137052166754861813e-03
1.840945992552111762e-03
3.736028547908830898e-03
3.404807959000203610e+00
