7.718916549588750058e+03
2.296293467319966624e+02
1.054317519046293938e+02
5.952607197336423184e+01
4.267715890493610686e+01
2.744252298378870591e+01
2.451666575389946701e+01
1.644534159192034650e+01
1.210699092308018443e+01
1.170343328013963102e+01
9.786484329489814726e+00
1.039184161943432905e+01
8.575791627688523988e+00
7.566869326925115047e+00
6.154387052565759575e+00
5.952612742048020600e+00
5.952603870514423079e+00
4.439230005129400247e+00
3.934772050001059895e+00
4.338344879797710441e+00
2.925856139744377860e+00
3.934772050001059895e+00
3.430319207281910643e+00
2.724072957693040919e+00
3.228530912821382159e+00
2.724077017547399393e+00
2.724068897850783877e+00
1.816051345031599595e+00
2.623185276156755563e+00
1.715154491239382573e+00
1.412484379469022056e+00
1.916943086422244091e+00
1.916937372561662967e+00
2.017834827812888587e+00
1.008914406611401526e+00
1.311592638078377782e+00
1.614267862250310825e+00
2.421394575867363397e+00
2.118726569203532861e+00
1.513376120859666552e+00
9.080229659502614403e-01
1.412484379469022056e+00
1.210700896687733064e+00
1.210697287933681698e+00
1.109809155297088790e+00
1.513371609917102178e+00
1.210700896687733064e+00
9.080256725157997977e-01
5.044572033057007632e-01
1.008917413906444294e+00
7.062400846279810462e-01
7.062442948535905263e-01
1.311588728594822229e+00
1.109805847272541612e+00
1.008920421219414942e+00
1.008914406611401526e+00
7.062400846279810462e-01
1.210704505463297886e+00
1.109805847272541612e+00
1.210697287933681698e+00
7.062442948535905263e-01
1.513371609917102178e+00
4.035657626445605661e-01
5.044572033057007632e-01
5.044602106097074712e-01
1.311588728594822229e+00
1.109805847272541612e+00
9.080283790974734703e-01
9.080229659502614403e-01
1.008914406611401526e+00
1.412488589707181053e+00
3.026743219834204246e-01
1.210697287933681698e+00
1.715164716073005469e+00
8.071315252891211323e-01
7.062400846279810462e-01
5.044602106097074712e-01
7.062400846279810462e-01
7.062400846279810462e-01
1.109812463341356414e+00
1.008914406611401526e+00
1.008914406611401526e+00
1.008920421219414942e+00
6.053486439668408492e-01
8.071315252891211323e-01
8.071363369755319983e-01
1.311588728594822229e+00
1.715154491239382573e+00
1.210697287933681698e+00
1.412488589707181053e+00
1.109805847272541612e+00
1.412480169255962092e+00
8.071363369755319983e-01
1.008914406611401526e+00
1.109805847272541612e+00
1.513380631829122525e+00
1.614263050578242265e+00
2.724068897850783877e+00
3.026761263658245049e+00
3.934766185784466241e+00
