1.803496233142919125e-02
5.761168522539879960e-03
4.091264298134622730e-03
3.673788896792483903e-03
3.089322481393679942e-03
2.922332076994021543e-03
2.671846470394533945e-03
2.421360863795046347e-03
2.671844877821838264e-03
2.671848062969127847e-03
1.920388505934446334e-03
2.170876551162416457e-03
1.419417591342851713e-03
1.920388505934446334e-03
1.502914535420134170e-03
1.920388505934446334e-03
2.170876551162416457e-03
1.502912743774784295e-03
1.502914535420134170e-03
2.337867055097986920e-03
1.001941829183189457e-03
2.337864268094108806e-03
1.335922438910919132e-03
1.669903048638649240e-03
1.335925624062005374e-03
2.003883658366378915e-03
2.087378810798311279e-03
1.836893353502513969e-03
2.254374490604634570e-03
2.421359420526041171e-03
3.590291554573096008e-03
3.339806097277298481e-03
3.590291554573096008e-03
4.842730387224770429e-03
5.594175212939474055e-03
6.930097651850393621e-03
7.013592804282326419e-03
1.135536780452704730e-02
2.304466207121335514e-02
2.100161918635640035e+01
