8.197894894687859050e+03
1.016288467713510641e+02
4.386713566950364651e+01
2.044486718260047553e+01
1.250511293693038972e+01
9.726198950945857291e+00
5.954813909278101391e+00
4.962347882690075096e+00
4.168369736494670796e+00
2.977406954639050696e+00
2.679667856652640179e+00
1.587951322460823711e+00
1.687196268477497929e+00
2.183433068383632936e+00
1.488704364807022396e+00
7.939747145776460124e-01
1.190963491845618005e+00
5.954817459228090026e-01
1.290208911188674978e+00
7.939756612304118555e-01
9.924695765380149304e-01
6.947287035766104291e-01
4.962347882690074652e-01
4.962336049544608940e-01
6.947287035766104291e-01
2.977408729614045013e-01
5.954817459228090026e-01
3.969878306152059277e-01
4.962347882690074652e-01
1.091716534191816468e+00
3.969868839635686819e-01
2.977408729614045013e-01
1.984939153076029639e-01
3.969878306152059277e-01
7.939756612304118555e-01
9.924695765380148194e-02
2.977401629726765253e-01
3.969878306152059277e-01
4.962347882690074652e-01
8.932226188842135040e-01
