2.712539252334225992e+00
2.823255666335486413e+00
2.933971028034979334e+00
2.767897712093614349e+00
2.297354244753087471e+00
2.186639192553955446e+00
2.795576689214550381e+00
2.435749078774357201e+00
2.795577731200217464e+00
2.352712178361595186e+00
2.241996311144578868e+00
2.463429881948706601e+00
3.017007381663693089e+00
2.878614693513095180e+00
2.906289347945862467e+00
3.321478492515109515e+00
2.657182794012087790e+00
2.989326186458601597e+00
2.518787856823958116e+00
3.183083555326980285e+00
2.850931455604036380e+00
3.044688618138851055e+00
3.570589379453743106e+00
3.432189325193208518e+00
2.850939956559576771e+00
3.127720917313165927e+00
3.044684078800427240e+00
3.515236645466661702e+00
3.792015625415077196e+00
3.266115648167730701e+00
3.266125387126504798e+00
3.653620894560512866e+00
3.266115648167730701e+00
4.567039736236213621e+00
4.594705064371553682e+00
4.262557710320598048e+00
4.068817219555899811e+00
3.902731410098729370e+00
4.483989279687901508e+00
4.788471965871909042e+00
4.650062956713379769e+00
4.262557710320598048e+00
4.400965564009442943e+00
4.068805087124206743e+00
5.286678718644377994e+00
5.591163798301304944e+00
5.092926095447987578e+00
5.563468180353508430e+00
5.037583224212066391e+00
6.200102429799466464e+00
5.425057273019823434e+00
6.144744372390542608e+00
5.701879913119153542e+00
5.978634545776948528e+00
5.978670200163771931e+00
5.812596027936999477e+00
7.030431364015484519e+00
7.030473290933323405e+00
7.030473290933323405e+00
7.362577727669759931e+00
8.580498898383190465e+00
7.999239295589489984e+00
8.718842045924715123e+00
8.220671525225185405e+00
8.718894041905500103e+00
9.853675455076819745e+00
1.043499382158213784e+01
1.015820353453752034e+01
1.126529750060748825e+01
1.101625342437583654e+01
1.253860000312124434e+01
1.317513909161957031e+01
1.428237881150234401e+01
1.455916909854696151e+01
1.527873272809664407e+01
1.707796071065299515e+01
1.738243002640207635e+01
1.898770045556938157e+01
1.970746843757687827e+01
2.242001325061414718e+01
2.291809909214496699e+01
2.698705298685035459e+01
2.831564636466452711e+01
3.011460363798758877e+01
3.518004548337108162e+01
3.731133069361464294e+01
4.447993386603497612e+01
4.874276954855741906e+01
5.322677219868024423e+01
6.272030500338223646e+01
7.329406800941512756e+01
8.860057088298256645e+01
1.080859625058286326e+02
1.318352137193520548e+02
1.687313589823997688e+02
2.229532466029320119e+02
3.338921232619239845e+02
5.400732080814607343e+02
1.098546418922876228e+03
3.261835137677313014e+03
