4.128651698491657029e+00
4.297168895182489123e+00
4.465684490205261703e+00
4.212910681551460534e+00
3.496714562369827473e+00
3.328199438425654133e+00
4.255039788366975273e+00
3.707360017934274499e+00
4.255041374333294435e+00
3.580972744595606105e+00
3.412456380144048396e+00
3.749491904115477503e+00
4.592070931304954584e+00
4.381428741887749112e+00
4.423551269305809441e+00
5.055494702178171096e+00
4.044395761742537232e+00
4.549938448428832771e+00
3.833750149151780029e+00
4.844849089587414781e+00
4.339293149890459667e+00
4.634203476996657578e+00
5.434656804841534239e+00
5.224003403751621200e+00
4.339306088868025491e+00
4.760583746967204100e+00
4.634196567844180770e+00
5.350406536759602538e+00
5.771681179951388074e+00
4.971229045505575428e+00
4.971243868800261367e+00
5.561035881413017634e+00
4.971229045505575428e+00
6.951315579254601751e+00
6.993423911473946042e+00
6.487875194981853610e+00
6.192990243335918521e+00
5.940197418782086736e+00
6.824907672643247381e+00
7.288349061885128322e+00
7.077682030889294040e+00
6.487875194981853610e+00
6.698540467281707045e+00
6.192971777028132507e+00
8.046650404165804460e+00
8.510095436420785475e+00
7.751746986212085133e+00
8.467941001242548893e+00
7.667511729844469492e+00
9.436937513654733323e+00
8.257271081107296240e+00
9.352679142997102346e+00
8.678612177736050981e+00
9.099849762852938895e+00
9.099904031024207640e+00
8.847128919051312934e+00
1.070074925816965816e+01
1.070081307351920508e+01
1.070081307351920508e+01
1.120629646721704376e+01
1.306004745193289018e+01
1.217533456002775694e+01
1.327061423749386826e+01
1.251236804265828439e+01
1.327069337857696851e+01
1.499790053507243393e+01
1.588270286896354655e+01
1.546141101567538989e+01
1.714647617352382269e+01
1.676741576086867624e+01
1.908452095395354675e+01
2.005337262554629163e+01
2.173865962966894116e+01
2.215995148295709782e+01
2.325517161617973017e+01
2.599370734787933301e+01
2.645712838649630427e+01
2.890044878387553595e+01
2.999597995411683371e+01
3.412464011634078531e+01
3.488275742426959880e+01
4.107595569559537552e+01
4.309815659137853316e+01
4.583628028696295331e+01
5.354619455292485242e+01
5.679014182324365834e+01
6.770119707826236777e+01
7.418949536404457490e+01
8.101442338731273196e+01
9.546416464178129502e+01
1.115580827507041732e+02
1.348555222375393043e+02
1.645134876108367052e+02
2.006613097211495358e+02
2.568195137644609645e+02
3.393485640730575028e+02
5.082043626215047425e+02
8.220246641358534134e+02
1.672055264990140131e+03
4.964713845074295023e+03
