7.853058999309467381e-02
4.312745114334239072e-02
4.441484601804542715e-02
3.218466503234507226e-02
3.089728418646638455e-02
2.059818178375886349e-02
2.639143024260670253e-02
2.188557629874702745e-02
2.510404340150394070e-02
1.802341577543872461e-02
1.480493764147566664e-02
1.673602893433595931e-02
1.802342920475317675e-02
2.317292860740411201e-02
1.544864209323319228e-02
1.737972235488734196e-02
1.158648156992489464e-02
8.368014467167979656e-03
1.480494867268180963e-02
1.287386841102766341e-02
1.673602893433595931e-02
1.287386841102766341e-02
1.737972235488734196e-02
1.223017499047627729e-02
1.223017499047627729e-02
9.655401308270744956e-03
1.094278814937351373e-02
1.094278814937351373e-02
1.029909472882212934e-02
1.029909472882212934e-02
1.416125525213042698e-02
1.158648156992489464e-02
1.158648156992489464e-02
1.158644703753067794e-02
9.655401308270744956e-03
9.011707887719362306e-03
1.609233551378457666e-02
1.480494867268180963e-02
1.094278814937351373e-02
9.011707887719362306e-03
1.351756183157904606e-02
1.609233551378457666e-02
1.351756183157904606e-02
9.011707887719362306e-03
1.029909472882212934e-02
1.351756183157904606e-02
1.351756183157904606e-02
1.416125525213042698e-02
1.416125525213042698e-02
1.029909472882212934e-02
2.124188287819564133e-02
1.223017499047627729e-02
1.609233551378457666e-02
1.737972235488734196e-02
1.480494867268180963e-02
1.158648156992489464e-02
1.480494867268180963e-02
1.544864209323319228e-02
1.802341577543872461e-02
2.317296313984978928e-02
2.124188287819564133e-02
1.673602893433595931e-02
1.416125525213042698e-02
1.995449603709287256e-02
2.059818945764425868e-02
1.287386841102766341e-02
1.866710919599010726e-02
2.639143024260670253e-02
2.059818945764425868e-02
1.931080261654148991e-02
2.574773682205532682e-02
3.154097760701776720e-02
2.574773682205532682e-02
2.896603126335575012e-02
2.703512366315809212e-02
3.475944470977468392e-02
3.154097760701776720e-02
3.797791181253160064e-02
3.218467102756915332e-02
4.441484601804542715e-02
4.698961970025096468e-02
4.698961970025096468e-02
4.956439338245649529e-02
5.342655390576479119e-02
4.505853943859681326e-02
6.308195521403553441e-02
7.273735652230627069e-02
8.432383809223117921e-02
9.784139992381021833e-02
1.126463485964920297e-01
1.300260709513793855e-01
1.712224498666678751e-01
1.763719972310789641e-01
2.394539524451144985e-01
2.993174405563931439e-01
4.203318036200531238e-01
6.327506324020095718e-01
1.145774288581461686e+00
2.680983096596510240e+00
1.528089558783750306e+02
