1.211293247344360502e+00
9.652494863076717113e-01
8.043743471354126706e-01
7.759848088646361663e-01
7.286686619826461264e-01
6.151099094658700750e-01
6.151096802706859101e-01
5.961836728562641685e-01
6.718890353725954778e-01
8.043747967108325625e-01
5.961832285700494616e-01
5.772572070513033449e-01
6.624258095222772535e-01
7.097424676860287773e-01
7.475953992959504246e-01
5.961827842844970027e-01
5.583307412463426322e-01
6.340366044661857048e-01
6.340366044661857048e-01
6.434988782753301439e-01
6.056469057587445803e-01
6.245733715637054040e-01
7.097414098624964529e-01
6.529630702711464174e-01
5.299402526973306937e-01
7.002802785058781510e-01
6.529620970734968388e-01
6.056478084375161997e-01
6.718885346698300065e-01
6.245724406789968652e-01
8.138392425879122927e-01
8.516896918349958767e-01
6.151092218808302814e-01
6.718905374853695323e-01
6.151092218808302814e-01
6.435007964648609136e-01
8.327632542386625980e-01
8.043735978441627354e-01
7.854495015674038960e-01
7.475942850551628993e-01
9.273954422203288805e-01
7.854495015674038960e-01
6.340356594771635601e-01
8.043735978441627354e-01
8.895452186426018315e-01
8.043735978441627354e-01
9.179349596631104502e-01
9.747115362111620218e-01
9.652483174129951049e-01
7.854495015674038960e-01
7.759862545605674677e-01
9.747086307355179446e-01
1.040957170751980909e+00
1.031493923745144814e+00
1.069340536632169991e+00
1.135589640820342971e+00
1.305928086943394462e+00
1.410015397860118203e+00
1.211295616875032399e+00
1.192369122861359987e+00
1.372162635501457340e+00
1.712847708237350552e+00
1.438413545039100905e+00
1.665521543781078861e+00
1.722310955244186648e+00
1.788553684292040202e+00
2.006196405009026851e+00
1.769627190278367790e+00
1.911575895380910550e+00
1.902101308522709644e+00
2.129230576538143183e+00
2.148157070551814929e+00
2.592929679873116289e+00
2.479355934492287972e+00
2.583466432866280194e+00
2.772731373003003874e+00
2.952515463975549093e+00
3.208040735317468251e+00
3.463548404502045486e+00
3.851518569993745089e+00
4.059732965932726145e+00
4.305777388110466397e+00
4.532868292449641068e+00
5.933455873286290760e+00
5.488683263964990289e+00
6.463359172741346192e+00
7.125824996147652080e+00
8.658871011255113714e+00
9.661917592048190784e+00
1.060829989466336798e+01
1.256719202507846234e+01
1.547240885617717332e+01
1.887906522638211726e+01
2.421644909049381411e+01
2.928874948615801088e+01
4.134467968624735335e+01
6.173822347259930154e+01
1.036793342068973089e+02
2.288767276016430117e+02
1.669808860850259634e+03
