3.685698387302764226e+06
1.088198662655260705e+05
4.969231812905054539e+04
2.753156619445106844e+04
1.853179926331680326e+04
1.258033370355709849e+04
1.059651185030386296e+04
7.983670337582470893e+03
6.774023316736641391e+03
5.467608608101079881e+03
4.838588083383315279e+03
4.645044560047983396e+03
4.016028109208152273e+03
2.709609326694656829e+03
2.999929082151107650e+03
2.467679922525490838e+03
2.274136399190158500e+03
1.935435233353326339e+03
2.225750518356325756e+03
1.790277590851826972e+03
1.499964541075553825e+03
1.693505829184160348e+03
1.403190544181161840e+03
1.645119948350327377e+03
1.306418782513495444e+03
1.306418782513495444e+03
1.064490964634264174e+03
9.677161745992024180e+02
1.258034776385948362e+03
8.225587484093221065e+02
1.258034776385948362e+03
9.677190587584218520e+02
1.161259409519042947e+03
7.257892940688165027e+02
7.741729396793620026e+02
7.741752470067375498e+02
7.741752470067375498e+02
1.112873600789082730e+03
4.838595293792109260e+02
6.290155134894814637e+02
8.225611999446585969e+02
8.709445571392820966e+02
8.225611999446585969e+02
9.193331058205006912e+02
4.354722785696410483e+02
2.903157176275265670e+02
6.290155134894814637e+02
7.257892940688165027e+02
3.387006611097208406e+02
5.806314352550531339e+02
3.870864698396810013e+02
7.257892940688165027e+02
4.354735764412898789e+02
5.322454823171320868e+02
4.838566452285872970e+02
1.935438117516843874e+02
5.322454823171320868e+02
2.903157176275265670e+02
5.322454823171320868e+02
5.322423097514459869e+02
2.903157176275265670e+02
4.838595293792109260e+02
4.838595293792109260e+02
6.290173881929741810e+02
3.870853161828698035e+02
6.290173881929741810e+02
2.419297646896054630e+02
3.387016705654476141e+02
4.838595293792109260e+02
4.354709807057285502e+02
3.870876235033687749e+02
5.322454823171320868e+02
4.354735764412898789e+02
6.290136387971634804e+02
6.774033411308952282e+02
2.419297646896054630e+02
3.387016705654476141e+02
4.838595293792109260e+02
4.354709807057285502e+02
3.870876235033687749e+02
3.387016705654476141e+02
2.903157176275265670e+02
5.806314352550531339e+02
4.354709807057285502e+02
9.677190587584219372e+01
4.354735764412898789e+02
6.774033411308952282e+02
3.870876235033687749e+02
8.225562968885982400e+02
7.741752470067375498e+02
3.870876235033687749e+02
6.290173881929741810e+02
5.806279742743047336e+02
7.257892940688165027e+02
7.741752470067375498e+02
3.870876235033687749e+02
9.193331058205006912e+02
6.290136387971634804e+02
1.403192635199711731e+03
2.951543129213187058e+03
