2.549487856852036480e-02
8.144197320499559772e-03
5.783559985090308553e-03
5.193401576829376198e-03
4.367178598697430379e-03
4.131114890659731698e-03
3.777019328603182808e-03
3.422923766546634352e-03
3.777017077284508789e-03
3.777021579924540445e-03
2.714731024298240678e-03
3.068830033688689680e-03
2.006540322307395416e-03
2.714731024298240678e-03
2.124574638707554027e-03
2.714731024298240678e-03
3.068830033688689680e-03
2.124572105972536221e-03
2.124574638707554027e-03
3.304893882433973269e-03
1.416381403981690741e-03
3.304889942623945569e-03
1.888508538642254394e-03
2.360635673302818264e-03
1.888513041287653502e-03
2.832762807963381483e-03
2.950794591628522721e-03
2.596699240633099873e-03
3.186865757172915609e-03
3.422921726289085941e-03
5.075366697601059809e-03
4.721271346605636528e-03
5.075366697601059809e-03
6.845859774667745028e-03
7.908129505564440859e-03
9.796638044206695470e-03
9.914669827871836275e-03
1.605236085094505910e-02
3.257677229157888293e-02
2.968865257707655658e+01
