2.572295051617580430e+00
2.049798001143951165e+00
1.708164523595597561e+00
1.647876670945771505e+00
1.547396386132004809e+00
1.306243702578965049e+00
1.306243215861451201e+00
1.266052060395400414e+00
1.426819512710200577e+00
1.708165478311254315e+00
1.266051116911868002e+00
1.225859931493958888e+00
1.406723463235409088e+00
1.507204833804047794e+00
1.587589091606930625e+00
1.266050173429742243e+00
1.185667802592517805e+00
1.346436318198282800e+00
1.346436318198282800e+00
1.366530345924166223e+00
1.286148124846120844e+00
1.326340253747562370e+00
1.507202587416359707e+00
1.386628447099724104e+00
1.125377931937548537e+00
1.487110985795786489e+00
1.386626380423050975e+00
1.286150041769329011e+00
1.426818449420820700e+00
1.326338276926396498e+00
1.728264118627535373e+00
1.808643104899632092e+00
1.306242242427511968e+00
1.426822702587849268e+00
1.306242242427511968e+00
1.366534419379911824e+00
1.768451035901862145e+00
1.708162932405207890e+00
1.667975835419598374e+00
1.587586725411898936e+00
1.969411380890710328e+00
1.667975835419598374e+00
1.346434311425281471e+00
1.708162932405207890e+00
1.889032873848701666e+00
1.708162932405207890e+00
1.949321157056638887e+00
2.069891553385134308e+00
2.049795518886249113e+00
1.667975835419598374e+00
1.647879741016952337e+00
2.069885383334538975e+00
2.210570384291033808e+00
2.190474289888388437e+00
2.270845129289348563e+00
2.411531328317491951e+00
2.773261027565115722e+00
2.994300214726663523e+00
2.572300083538658022e+00
2.532107894733366393e+00
2.913916316344739688e+00
3.637393086878883519e+00
3.054606349202156235e+00
3.536891528804648743e+00
3.657489181281528889e+00
3.798161842100049590e+00
4.260346614241963259e+00
3.757969653294757961e+00
4.059411069334444733e+00
4.039290893691672935e+00
4.521621240595297131e+00
4.561813429400587871e+00
5.506329866324938926e+00
5.265145344016011641e+00
5.486233771922293556e+00
5.888155659975208955e+00
6.269944073790059136e+00
6.812576002496912864e+00
7.355170551368348519e+00
8.179061660360749997e+00
8.621224498735031716e+00
9.143722953203822001e+00
9.625971831235380805e+00
1.260025119045889319e+01
1.165573475353454214e+01
1.372555064871349551e+01
1.513235908519225958e+01
1.838792637842087530e+01
2.051799006198606179e+01
2.252772182536589796e+01
2.668761336671357398e+01
3.285711434832582967e+01
4.009146931798451163e+01
5.142590557637051774e+01
6.219741217618864226e+01
8.779931300765632329e+01
1.311069198828609501e+02
2.201728102753870076e+02
4.860412415663024603e+02
3.545996049535650400e+03
