1.099741130779792186e-01
6.039561385213088746e-02
6.219847958303972163e-02
4.507135362099320280e-02
4.326850753602763666e-02
2.884566094418821586e-02
3.695851685369026807e-02
3.064852617135290988e-02
3.515566237302245045e-02
2.523996272934945356e-02
2.073281107959640615e-02
2.343710824868163595e-02
2.523998153574000952e-02
3.245133229283882897e-02
2.163425376801381833e-02
2.433853548901554475e-02
1.622569032601036201e-02
1.171855412434081797e-02
2.073282652767990605e-02
1.802854480667818310e-02
2.343710824868163595e-02
1.802854480667818310e-02
2.433853548901554475e-02
1.712711756634427082e-02
1.712711756634427082e-02
1.352140860500863385e-02
1.532426308567645494e-02
1.532426308567645494e-02
1.442283584534254613e-02
1.442283584534254613e-02
1.983139928734599725e-02
1.622569032601036201e-02
1.622569032601036201e-02
1.622564196690053431e-02
1.352140860500863385e-02
1.261998136467472678e-02
2.253568100834772714e-02
2.073282652767990605e-02
1.532426308567645494e-02
1.261998136467472678e-02
1.892997204701209191e-02
2.253568100834772714e-02
1.892997204701209191e-02
1.261998136467472678e-02
1.442283584534254613e-02
1.892997204701209191e-02
1.892997204701209191e-02
1.983139928734599725e-02
1.983139928734599725e-02
1.442283584534254613e-02
2.974709893101900107e-02
1.712711756634427082e-02
2.253568100834772714e-02
2.433853548901554475e-02
2.073282652767990605e-02
1.622569032601036201e-02
2.073282652767990605e-02
2.163425376801381833e-02
2.523996272934945356e-02
3.245138065202072403e-02
2.974709893101900107e-02
2.343710824868163595e-02
1.983139928734599725e-02
2.794424445035117999e-02
2.884567169068509226e-02
1.802854480667818310e-02
2.614138996968335890e-02
3.695851685369026807e-02
2.884567169068509226e-02
2.704281721001726771e-02
3.605708961335636620e-02
4.416993477636154547e-02
3.605708961335636620e-02
4.056398402019739668e-02
3.785994409402418381e-02
4.867707097803108951e-02
4.416993477636154547e-02
5.318420717970063355e-02
4.507136201669545428e-02
6.219847958303972163e-02
6.580418854437536380e-02
6.580418854437536380e-02
6.940989750571099903e-02
7.481846094771445188e-02
6.309990682337363044e-02
8.833986955272309094e-02
1.018612781577317161e-01
1.180869684837420747e-01
1.370169405307541666e-01
1.577497670584340761e-01
1.820883025474496208e-01
2.397796459288197846e-01
2.469910638514910828e-01
3.353309334042141598e-01
4.191636667552677831e-01
5.886319879380426112e-01
8.861029772482326150e-01
1.604540487794358095e+00
3.754444455990730845e+00
2.139934182918279930e+02
