1.568820919483677079e+00
1.250154403122702096e+00
1.041795044799178616e+00
1.005025995164565478e+00
9.437439222886772061e-01
7.966669473865456430e-01
7.966666505416649668e-01
7.721544059475967670e-01
8.702051105916648321e-01
1.041795627072154451e+00
7.721538305249984191e-01
7.476415676635460583e-01
8.579487005833316138e-01
9.192314356519009078e-01
9.682571122200024361e-01
7.721532551032576075e-01
7.231287293794953497e-01
8.211800825156981842e-01
8.211800825156981842e-01
8.334352594765320754e-01
7.844108250896221213e-01
8.089236633736729409e-01
9.192300655991162417e-01
8.456929207997487818e-01
6.863584489806734412e-01
9.069763682993192688e-01
8.456916603511870356e-01
7.844119942048166649e-01
8.702044621004967340e-01
8.089224577272222660e-01
1.054053617212722171e+00
1.103076078718939756e+00
7.966660568525675279e-01
8.702070560709685987e-01
7.966660568525675279e-01
8.334377438426177065e-01
1.078563276969629836e+00
1.041794074345665067e+00
1.017284304984371612e+00
9.682556690977357494e-01
1.201127285716178772e+00
1.017284304984371612e+00
8.211788586018772262e-01
1.041794074345665067e+00
1.152105116488324477e+00
1.041794074345665067e+00
1.188874428716675258e+00
1.262409290089453240e+00
1.250152889214797947e+00
1.017284304984371612e+00
1.005027867574921130e+00
1.262405527027963714e+00
1.348208115039528643e+00
1.335951677630078382e+00
1.384969170428736795e+00
1.470772489134031469e+00
1.691388362504136156e+00
1.826198286671520288e+00
1.568823988409633330e+00
1.544311113590732809e+00
1.777172829311211011e+00
2.218415171110497131e+00
1.862978486236439579e+00
2.157120123853607740e+00
2.230671608519947391e+00
2.316466670386099214e+00
2.598349240096391011e+00
2.291953795567198693e+00
2.475800356708952599e+00
2.463529232355540888e+00
2.757698417126308588e+00
2.782211291945208664e+00
3.358263850189371347e+00
3.211167457100256861e+00
3.346007412779921086e+00
3.591136160968926294e+00
3.823985674104122712e+00
4.154932281803637828e+00
4.485856091858794414e+00
4.988340286411467872e+00
5.258011648654161263e+00
5.576679021299868921e+00
5.870798518897034413e+00
7.684786255725312820e+00
7.108733697481151026e+00
8.371096844272807758e+00
9.229097369316045629e+00
1.121464022964698870e+01
1.251374799121894021e+01
1.373946633599373968e+01
1.627654887974994580e+01
2.003927516445117618e+01
2.445144685845424348e+01
3.136422333078322211e+01
3.793367378224855457e+01
5.354805580179780122e+01
7.996099765925349345e+01
1.342815282579370546e+02
2.964324279291099629e+02
2.162672893772317366e+03
