3.412046501128610299e+00
3.551314367090522062e+00
3.690580909384006958e+00
3.481680752049531868e+00
2.889793947098572069e+00
2.750527794119129954e+00
3.516497559570026965e+00
3.063877919815353401e+00
3.516498870262045884e+00
2.959427536185283980e+00
2.820160358011859270e+00
3.098697024290317792e+00
3.795030605225835352e+00
3.620949331754978129e+00
3.655760701856261896e+00
4.178018459717281807e+00
3.342414767773825623e+00
3.760211007623583956e+00
3.168330665285605807e+00
4.003934357229062435e+00
3.586127164678047041e+00
3.829850254740842175e+00
4.491369844196078098e+00
4.317279305049298799e+00
3.586137857852563560e+00
3.934294850569119983e+00
3.829844544801798367e+00
4.421742795604616028e+00
4.769897296707693357e+00
4.108378693514655566e+00
4.108390943947596519e+00
4.595813453762158218e+00
4.108378693514655566e+00
5.744783947045367434e+00
5.779583585791804090e+00
5.361782362722517625e+00
5.118080243731327528e+00
4.909164371064123067e+00
5.640316511435374380e+00
6.023318926296052034e+00
5.849217122970018501e+00
5.361782362722517625e+00
5.535882712607354428e+00
5.118064982598766299e+00
6.650002800519485113e+00
7.033008226079783043e+00
6.406285420395735564e+00
6.998170486410558944e+00
6.336670777953071543e+00
7.798979419019166137e+00
6.824066295409622285e+00
7.729345674206495431e+00
7.172275715705127119e+00
7.520399590859583761e+00
7.520444439768482425e+00
7.311543205330468531e+00
8.843432852214508699e+00
8.843485591209232055e+00
8.843485591209232055e+00
9.261232829484486118e+00
1.079323044596402426e+01
1.006207612543097696e+01
1.096724940333689169e+01
1.034061110468166156e+01
1.096731480799570235e+01
1.239473265900931054e+01
1.312596089718850756e+01
1.277779217312515314e+01
1.417038256240671323e+01
1.385711521772155308e+01
1.577204320007001037e+01
1.657273243170908117e+01
1.796550616166915049e+01
1.831367488573250668e+01
1.921879895441893282e+01
2.148201027470904378e+01
2.186499587117873133e+01
2.388423203393367444e+01
2.478961315331092408e+01
2.820166664913181265e+01
2.882819843162840456e+01
3.394645059617717209e+01
3.561766047168128324e+01
3.788053127247790286e+01
4.425224482845250407e+01
4.693314400374033823e+01
5.595038028940440000e+01
6.131251230755692916e+01
6.695284563738329098e+01
7.889456237448062836e+01
9.219507813197657242e+01
1.114488085726801501e+02
1.359590759366049895e+02
1.658327632713762796e+02
2.122436541890215835e+02
2.804482347424719819e+02
4.199959318376259603e+02
6.793468143924195601e+02
1.381838608155675729e+03
4.102994328724614206e+03
