2.629679716701039394e-01
1.444168234501166936e-01
1.487278011082358298e-01
1.077737488433706675e-01
1.034628181622510024e-01
6.897518641135190476e-02
8.837449051358939323e-02
7.328616286492779797e-02
8.406353975682893942e-02
6.035331059464642267e-02
4.957589676358685471e-02
5.604235983788596193e-02
6.035335556412369656e-02
7.759699798614805299e-02
5.173140908112550118e-02
5.819783521626619577e-02
3.879855681084412589e-02
2.802117991894298096e-02
4.957593370274527428e-02
4.310950756760459357e-02
5.604235983788596193e-02
4.310950756760459357e-02
5.819783521626619577e-02
4.095403218922435973e-02
4.095403218922435973e-02
3.233213067570343824e-02
3.664308143246389898e-02
3.664308143246389898e-02
3.448760605408367208e-02
3.448760605408367208e-02
4.742045832436504044e-02
3.879855681084412589e-02
3.879855681084412589e-02
3.879844117547624066e-02
3.233213067570343824e-02
3.017665529732321134e-02
5.388688445950573502e-02
4.957593370274527428e-02
3.664308143246389898e-02
3.017665529732321134e-02
4.526498294598482047e-02
5.388688445950573502e-02
4.526498294598482047e-02
3.017665529732321134e-02
3.448760605408367208e-02
4.526498294598482047e-02
4.526498294598482047e-02
4.742045832436504044e-02
4.742045832436504044e-02
3.448760605408367208e-02
7.113068748654757800e-02
4.095403218922435973e-02
5.388688445950573502e-02
5.819783521626619577e-02
4.957593370274527428e-02
3.879855681084412589e-02
4.957593370274527428e-02
5.173140908112550118e-02
6.035331059464642267e-02
7.759711362168825177e-02
7.113068748654757800e-02
5.604235983788596193e-02
4.742045832436504044e-02
6.681973672978711032e-02
6.897521210816734416e-02
4.310950756760459357e-02
6.250878597302664264e-02
8.837449051358939323e-02
6.897521210816734416e-02
6.466426135140687648e-02
8.621901513520918714e-02
1.056182935406312362e-01
8.621901513520918714e-02
9.699581385199407269e-02
9.052996589196964095e-02
1.163956704325323915e-01
1.056182935406312362e-01
1.271730473244335469e-01
1.077737689190114700e-01
1.487278011082358298e-01
1.573497026217567374e-01
1.573497026217567374e-01
1.659716041352776728e-01
1.789044564055590203e-01
1.508832764866160636e-01
2.112365870812624724e-01
2.435687177569658968e-01
2.823672745678100227e-01
3.276322575137948778e-01
3.772081912165401452e-01
4.354060264328063479e-01
5.733564506491409807e-01
5.906002536761828514e-01
8.018368407574453238e-01
1.002296050946806849e+00
1.407525422082289701e+00
2.118832296947765315e+00
3.836746173516808245e+00
8.977554950953654966e+00
5.116969219751961759e+02
