5.095440113881450905e+00
5.303418249748668600e+00
5.511394408892181573e+00
5.199429656616342044e+00
4.315525006481397696e+00
4.107549428726910534e+00
5.251423953182505322e+00
4.575496392414011737e+00
5.251425910527660612e+00
4.419513560854442247e+00
4.211536452108351369e+00
4.627494119177840481e+00
5.667376213330991952e+00
5.407408858365116977e+00
5.459395034864933827e+00
6.239317913498211077e+00
4.991454330798569039e+00
5.615377750146788749e+00
4.731482751069476578e+00
5.979346333769119504e+00
5.355406558010362694e+00
5.719374754040027042e+00
6.707266757010577507e+00
6.447285564983348927e+00
5.355422526852041010e+00
5.875348942283213916e+00
5.719366227001358993e+00
6.603287970002030605e+00
7.123210664538055070e+00
6.135320134419639082e+00
6.135338428820784173e+00
6.863239472401630792e+00
6.135320134419639082e+00
8.579074921656181019e+00
8.631043578929324056e+00
8.007112717801902591e+00
7.643175839293689044e+00
7.331187618247196447e+00
8.423066625220181791e+00
8.995030069372845105e+00
8.735032055783893412e+00
8.007112717801902591e+00
8.267108560868683398e+00
7.643153048810906292e+00
9.930899539611450777e+00
1.050286747984574909e+01
9.566939870620455366e+00
1.045084192388430111e+01
9.462979610554089760e+00
1.164674413606657311e+01
1.019084034461871902e+01
1.154275534913740842e+01
1.071084505370408202e+01
1.123072201243695467e+01
1.123078898834991257e+01
1.091882262756241317e+01
1.320649718129160277e+01
1.320657594000406121e+01
1.320657594000406121e+01
1.383042618198254381e+01
1.611826197402070449e+01
1.502637971126446281e+01
1.637813626813722223e+01
1.544233485898112690e+01
1.637823394134361976e+01
1.850989368716460604e+01
1.960188633614776066e+01
1.908194240150193366e+01
2.116159194010111122e+01
2.069376859890400056e+01
2.355346023945606504e+01
2.474918369407402707e+01
2.682910702772478828e+01
2.734905096237061528e+01
2.870073403178332327e+01
3.208054076764766194e+01
3.265247909575806773e+01
3.566794120616550856e+01
3.702000814678304152e+01
4.211545870631216815e+01
4.305110104767499024e+01
5.069453362796834028e+01
5.319026451426832836e+01
5.656956272931206087e+01
6.608487409348489905e+01
7.008844239025776801e+01
8.355449200919530028e+01
9.156212689113051795e+01
9.998521863239295726e+01
1.178185929638061822e+02
1.376811538942155551e+02
1.664340534801299611e+02
2.030368956415106823e+02
2.476492960718084362e+02
3.169578225600974406e+02
4.188123417137947513e+02
6.272083683632638440e+02
1.014514605280941964e+03
2.063593175701899327e+03
6.127279297833773853e+03
