7.613420096454632585e+04
1.260319875913674110e+02
4.352183095374573440e+01
2.448103721034530267e+01
1.178716254997280366e+01
1.088046098237569126e+01
9.067050818646409382e+00
3.626818164833036651e+00
4.533525409323204691e+00
1.813410163729281876e+00
9.067050818646409382e-01
9.067050818646409382e-01
0.000000000000000000e+00
2.720112001657566392e+00
9.067050818646409382e-01
0.000000000000000000e+00
0.000000000000000000e+00
9.067050818646409382e-01
0.000000000000000000e+00
0.000000000000000000e+00
0.000000000000000000e+00
0.000000000000000000e+00
0.000000000000000000e+00
0.000000000000000000e+00
0.000000000000000000e+00
0.000000000000000000e+00
0.000000000000000000e+00
0.000000000000000000e+00
0.000000000000000000e+00
0.000000000000000000e+00
0.000000000000000000e+00
0.000000000000000000e+00
9.067029192429821860e-01
0.000000000000000000e+00
0.000000000000000000e+00
0.000000000000000000e+00
1.813410163729281876e+00
0.000000000000000000e+00
0.000000000000000000e+00
3.626820327458563753e+00
