3.927202032013533171e+06
3.653077754932048265e+04
1.501395831215527869e+04
8.272021617843513013e+03
5.642188155523321257e+03
3.633952776472920959e+03
3.251429493429472586e+03
2.295128069351318572e+03
1.864790444761021263e+03
1.051933698452687622e+03
1.673529886323993196e+03
7.650422337481111299e+02
1.147564718729967126e+03
8.606725129666250496e+02
8.606725129666250496e+02
7.172279492062294821e+02
7.650422337481111299e+02
4.303362564833125248e+02
3.347059772647986051e+02
5.737823593649835630e+02
5.259665357018263876e+02
5.259671627512349232e+02
2.868904956294070985e+02
3.347063762962404212e+02
2.390754130245059059e+02
2.390759830687431702e+02
5.259671627512349232e+02
3.347055782343082910e+02
2.868911796824917815e+02
2.868911796824917815e+02
3.825206608392094267e+02
1.912607864549945305e+02
1.912607864549945305e+02
4.781508260490117834e+01
1.912607864549945305e+02
1.434452478147035492e+02
3.825215729099890609e+02
1.912607864549945305e+02
3.825206608392094267e+02
1.004119128888721320e+03
