1.817196789488662034e-05
2.501771785318851471e-02
5.001726374030113220e-02
7.501681149005889893e-02
1.000163555145263672e-01
1.250158995389938354e-01
1.500154435634613037e-01
1.750149875879287720e-01
2.000145316123962402e-01
2.250140905380249023e-01
2.500136196613311768e-01
2.750131785869598389e-01
3.000127077102661133e-01
3.250122666358947754e-01
3.500118255615234375e-01
3.750113546848297119e-01
4.000109136104583740e-01
4.250104427337646484e-01
4.500100016593933105e-01
4.750095307826995850e-01
5.000090599060058594e-01
5.250086188316345215e-01
5.500081777572631836e-01
5.750077366828918457e-01
6.000072956085205078e-01
6.250067949295043945e-01
6.500063538551330566e-01
6.750059127807617188e-01
7.000054717063903809e-01
7.250049710273742676e-01
7.500045299530029297e-01
7.750040888786315918e-01
8.000036478042602539e-01
8.250032067298889160e-01
8.500027060508728027e-01
8.750022649765014648e-01
9.000018239021301270e-01
9.250013828277587891e-01
9.500008821487426758e-01
9.750004410743713379e-01
1.000000000000000000e+00
