4.645369085368125650e-03
1.483937346714817506e-03
1.053810501034675414e-03
9.462789582647306366e-04
7.957345785407963059e-04
7.527218986196721959e-04
6.882028787379859767e-04
6.236838588562997575e-04
6.882024685298674185e-04
6.882032889465935100e-04
4.946455242558422342e-04
5.591651722691073217e-04
3.656075614064921474e-04
4.946455242558422342e-04
3.871143500324587816e-04
4.946455242558422342e-04
5.591651722691073217e-04
3.871138885480504771e-04
3.871143500324587816e-04
6.021778778282693484e-04
2.580759256987002820e-04
6.021771599636340996e-04
3.441012342649337093e-04
4.301265428311671908e-04
3.441020546826377511e-04
5.161518513974005639e-04
5.376581785389590020e-04
4.731391971142839045e-04
5.806722172769512727e-04
6.236834871051923209e-04
9.247720670870094792e-04
8.602530856623343816e-04
9.247720670870094792e-04
1.247369948224561929e-03
1.440923918484410043e-03
1.785025152749343752e-03
1.806531479890902299e-03
2.924867464802421210e-03
5.935746291070105943e-03
5.409507972243315699e+00
