6.532612027972506621e+04
5.715724036668459121e+03
2.383071440937315401e+03
1.363401598769688917e+03
9.226960736264143179e+02
6.020087806074524224e+02
4.848715059119035118e+02
3.936580543047136871e+02
3.341295364303684323e+02
2.736403548215693036e+02
2.237129918365812387e+02
1.805066200226492299e+02
1.689849208722673666e+02
1.718653456598628111e+02
1.267386906542005249e+02
1.075358587368974099e+02
9.409387639478522658e+01
8.545260203199883620e+01
1.065758836853674154e+02
7.777146926507758451e+01
6.144906213536994954e+01
7.105047809402149994e+01
5.856863734777447661e+01
5.088750458085323203e+01
3.936580543047137581e+01
3.840566383460621580e+01
3.744558075431828570e+01
3.456504343693543291e+01
3.360500836925999835e+01
3.936574391428757735e+01
2.112314811782056978e+01
2.784406276864243424e+01
2.784414979167257087e+01
2.016294200487900312e+01
2.496372050287885358e+01
1.824266181393814534e+01
2.016300502155599617e+01
1.440214644396857047e+01
1.920280190940857423e+01
7.681144770116571152e+00
1.056154105017471601e+01
9.601430962645713052e+00
8.641260859233858227e+00
3.840572385058285576e+00
1.344196133658600267e+01
8.641287866381142990e+00
1.152168114564514312e+01
3.840572385058285576e+00
7.681120763763429338e+00
1.152171715517485673e+01
9.601430962645713052e+00
8.641260859233858227e+00
4.800715481322856526e+00
7.681144770116571152e+00
5.760822568170259395e+00
6.721001673852000202e+00
6.721001673852000202e+00
5.760858577587428364e+00
2.880411284085129697e+00
3.840572385058285576e+00
5.760858577587428364e+00
5.760858577587428364e+00
2.880429288793714182e+00
8.641233852255387760e+00
4.800715481322856526e+00
4.800715481322856526e+00
4.800715481322856526e+00
2.880411284085129697e+00
4.800715481322856526e+00
1.920286192529142788e+00
3.840572385058285576e+00
5.760822568170259395e+00
4.800715481322856526e+00
2.880429288793714182e+00
2.880429288793714182e+00
8.641287866381142990e+00
9.601370946950431584e-01
9.601430962645713940e-01
9.601430962645713940e-01
9.601430962645713940e-01
3.840548378780172634e+00
1.920286192529142788e+00
1.920286192529142788e+00
1.920286192529142788e+00
2.880411284085129697e+00
1.920286192529142788e+00
1.920286192529142788e+00
1.920286192529142788e+00
1.920286192529142788e+00
0.000000000000000000e+00
9.601430962645713940e-01
0.000000000000000000e+00
1.920286192529142788e+00
1.920274189390086317e+00
1.920286192529142788e+00
0.000000000000000000e+00
1.920286192529142788e+00
0.000000000000000000e+00
0.000000000000000000e+00
9.601430962645713940e-01
